Положение X	Положение Y	Положение Z
-0.0230	21.6504	-0.1881
-0.0227	21.6516	-0.2354
-0.0222	21.6477	-0.1723
-0.0220	21.6520	-0.1960
-0.0219	21.6490	-0.2432
-0.0217	21.6506	-0.1802
-0.0216	21.6491	-0.2275
-0.0215	21.6495	-0.2196
-0.0214	21.6458	-0.1644
-0.0200	21.6478	-0.1920
-0.0200	21.6470	-0.2393
-0.0196	21.6464	-0.1999
-0.0191	21.6470	-0.1959
-0.0186	21.6456	-0.1802
-0.0183	21.6456	-0.1644
-0.0181	21.6458	-0.2274
-0.0176	21.6450	-0.2353
-0.0174	21.6437	-0.2432
-0.0172	21.6428	-0.2195
-0.0172	21.6424	-0.1723
-0.0172	21.6433	-0.1881
-0.0170	21.6432	-0.1920
-0.0164	21.6437	-0.2393
-0.0160	21.6425	-0.2235
-0.0160	21.6415	-0.1840
-0.0159	21.6416	-0.2313
-0.0159	21.6425	-0.1998
-0.0150	21.6302	-0.1565
-0.0148	21.6411	-0.2274
-0.0145	21.6394	-0.2431
-0.0143	21.6384	-0.1643
-0.0142	21.6385	-0.1723
-0.0141	21.6391	-0.2353
-0.0141	21.6399	-0.1959
-0.0139	21.6429	-0.1802
-0.0139	21.6381	-0.2195
-0.0132	21.6369	-0.1880
-0.0130	21.6377	-0.2392
-0.0128	21.6377	-0.1998
-0.0128	21.6376	-0.2234
-0.0125	21.6372	-0.2313
-0.0122	21.6355	-0.1840
-0.0119	21.6310	-0.1604
-0.0118	21.6375	-0.2155
-0.0117	21.6362	-0.1919
-0.0108	21.6354	-0.2194
-0.0108	21.6375	-0.2352
-0.0108	21.6344	-0.2430
-0.0107	21.6333	-0.1723
-0.0100	21.6339	-0.1643
-0.0098	21.6287	-0.1958
-0.0097	21.6328	-0.1801
-0.0095	21.6322	-0.1880
-0.0094	21.6328	-0.2273
-0.0093	21.6345	-0.2234
-0.0092	21.6303	-0.1565
-0.0087	21.6307	-0.2312
-0.0082	21.6308	-0.2391
-0.0082	21.6265	-0.2154
-0.0081	21.6325	-0.1919
-0.0080	21.6297	-0.1683
-0.0078	21.6311	-0.1997
-0.0078	21.6307	-0.1840
-0.0077	21.6288	-0.1761
-0.0076	21.6257	-0.1604
-0.0071	21.6267	-0.1643
-0.0067	21.6302	-0.1958
-0.0066	21.6276	-0.2273
-0.0065	21.6279	-0.1564
-0.0064	21.6300	-0.2115
-0.0064	21.6293	-0.2194
-0.0063	21.6299	-0.1801
-0.0061	21.6266	-0.1722
-0.0058	21.6254	-0.2429
-0.0057	21.6274	-0.2351
-0.0054	21.6272	-0.1879
-0.0051	21.6267	-0.2154
-0.0051	21.6263	-0.2233
-0.0048	21.6237	-0.1604
-0.0046	21.6352	-0.1919
-0.0046	21.6240	-0.1839
-0.0045	21.6242	-0.1682
-0.0044	21.6273	-0.2390
-0.0043	21.6246	-0.2311
-0.0043	21.6229	-0.1761
-0.0041	21.6253	-0.1997
-0.0032	21.6231	-0.1564
-0.0028	21.6225	-0.2272
-0.0026	21.6231	-0.1722
-0.0026	21.6224	-0.1879
-0.0026	21.6219	-0.1800
-0.0026	21.6207	-0.2193
-0.0025	21.6233	-0.1957
-0.0025	21.6202	-0.2429
-0.0022	21.6201	-0.1642
-0.0021	21.6236	-0.2351
-0.0019	21.6224	-0.2115
-0.0014	21.6220	-0.1996
-0.0012	21.6197	-0.1839
-0.0010	21.6186	-0.1760
-0.0008	21.6204	-0.2390
-0.0005	21.6210	-0.2311
-0.0005	21.6188	-0.2232
-0.0004	21.6214	-0.1682
-0.0004	21.6181	-0.1603
0.0000	21.6174	-0.2468
0.0003	21.6202	-0.2154
0.0006	21.6188	-0.2350
0.0007	21.6165	-0.1721
0.0010	21.6182	-0.2428
0.0013	21.6183	-0.1800
0.0014	21.6166	-0.1878
0.0017	21.6173	-0.2271
0.0017	21.6163	-0.1642
0.0022	21.6175	-0.1957
0.0025	21.6152	-0.2114
0.0026	21.6141	-0.1563
0.0026	21.6139	-0.1838
0.0031	21.6144	-0.2310
0.0032	21.6163	-0.1760
0.0033	21.6158	-0.1682
0.0035	21.6161	-0.2389
0.0035	21.6137	-0.2153
0.0036	21.6153	-0.2232
0.0036	21.6130	-0.2467
0.0040	21.6129	-0.1996
0.0041	21.6116	-0.1603
0.0049	21.6140	-0.1956
0.0052	21.6107	-0.2114
0.0052	21.6113	-0.1641
0.0053	21.6131	-0.2350
0.0057	21.6113	-0.1563
0.0058	21.6100	-0.1720
0.0058	21.6090	-0.2428
0.0058	21.6121	-0.1799
0.0059	21.6103	-0.1878
0.0059	21.6118	-0.2271
0.0061	21.6117	-0.2231
0.0064	21.6094	-0.2310
0.0069	21.6109	-0.2153
0.0070	21.6084	-0.1681
0.0070	21.6064	-0.2466
0.0070	21.6088	-0.1838
0.0073	21.6081	-0.2388
0.0075	21.6088	-0.1602
0.0077	21.6071	-0.1760
0.0077	21.6084	-0.1995
0.0087	21.6057	-0.2113
0.0091	21.6045	-0.1484
0.0091	21.6061	-0.1956
0.0092	21.6069	-0.1720
0.0093	21.6038	-0.1799
0.0093	21.6079	-0.2349
0.0095	21.6043	-0.2427
0.0095	21.6053	-0.1641
0.0098	21.6060	-0.1563
0.0098	21.6057	-0.2270
0.0098	21.6035	-0.1877
0.0106	21.6053	-0.2231
0.0106	21.6054	-0.1995
0.0109	21.6060	-0.2388
0.0110	21.6024	-0.1602
0.0111	21.6041	-0.2152
0.0112	21.6025	-0.1837
0.0113	21.6032	-0.1681
0.0113	21.6049	-0.1916
0.0114	21.6040	-0.1759
0.0123	21.6025	-0.1720
0.0123	21.6035	-0.2309
0.0124	21.5990	-0.2466
0.0124	21.6022	-0.2349
0.0126	21.5996	-0.1483
0.0126	21.6020	-0.1798
0.0130	21.6010	-0.1955
0.0131	21.5979	-0.1562
0.0132	21.6008	-0.2427
0.0136	21.6010	-0.1877
0.0137	21.5983	-0.2269
0.0137	21.6001	-0.1641
0.0139	21.6009	-0.2113
0.0147	21.5984	-0.1680
0.0148	21.5981	-0.2151
0.0149	21.5982	-0.1759
0.0151	21.5974	-0.1602
0.0151	21.5990	-0.2387
0.0152	21.5959	-0.2465
0.0152	21.5960	-0.1837
0.0152	21.5976	-0.2309
0.0152	21.5982	-0.2230
0.0153	21.5978	-0.1916
0.0157	21.5964	-0.1877
0.0157	21.5977	-0.1994
0.0165	21.5949	-0.1955
0.0165	21.5958	-0.1562
0.0165	21.5966	-0.2426
0.0170	21.5945	-0.2269
0.0174	21.5953	-0.1640
0.0174	21.5923	-0.1483
0.0176	21.5956	-0.2348
0.0176	21.5933	-0.1797
0.0178	21.5947	-0.2112
0.0180	21.5944	-0.1719
0.0182	21.5939	-0.1680
0.0184	21.5907	-0.2465
0.0184	21.5939	-0.2308
0.0187	21.5921	-0.1836
0.0187	21.5929	-0.1601
0.0187	21.5933	-0.1758
0.0188	21.5923	-0.2229
0.0190	21.5930	-0.1915
0.0192	21.5948	-0.2387
0.0193	21.5925	-0.2151
0.0194	21.5925	-0.1994
0.0202	21.5904	-0.1562
0.0209	21.5896	-0.1640
0.0213	21.5898	-0.1954
0.0215	21.5894	-0.1719
0.0215	21.5867	-0.1876
0.0216	21.5902	-0.2269
0.0217	21.5871	-0.2425
0.0217	21.5873	-0.1483
0.0217	21.5873	-0.1797
0.0219	21.5896	-0.2347
0.0220	21.5881	-0.2111
0.0221	21.5892	-0.1915
0.0222	21.5869	-0.1836
0.0224	21.5889	-0.1993
0.0226	21.5881	-0.2229
0.0229	21.5889	-0.2307
0.0230	21.5869	-0.1680
0.0230	21.5871	-0.1758
0.0231	21.5876	-0.2150
0.0232	21.5865	-0.2386
0.0233	21.5860	-0.1601
0.0233	21.5871	-0.2072
0.0237	21.5848	-0.1522
0.0241	21.5845	-0.1482
0.0243	21.5827	-0.1404
0.0246	21.5851	-0.2111
0.0246	21.5832	-0.1797
0.0247	21.5837	-0.2347
0.0247	21.5838	-0.1876
0.0250	21.5843	-0.1954
0.0250	21.5844	-0.1639
0.0251	21.5837	-0.2268
0.0254	21.5834	-0.2425
0.0257	21.5817	-0.1718
0.0259	21.5824	-0.1561
0.0261	21.5820	-0.2229
0.0263	21.5827	-0.1915
0.0264	21.5822	-0.2150
0.0265	21.5814	-0.1835
0.0267	21.5823	-0.1601
0.0269	21.5833	-0.2386
0.0270	21.5826	-0.2071
0.0271	21.5819	-0.1679
0.0272	21.5805	-0.1522
0.0274	21.5780	-0.1365
0.0274	21.5808	-0.2307
0.0275	21.5802	-0.1757
0.0278	21.5810	-0.1993
0.0281	21.5792	-0.2267
0.0281	21.5796	-0.1639
0.0283	21.5781	-0.1796
0.0283	21.5787	-0.2110
0.0284	21.5794	-0.2424
0.0285	21.5787	-0.1953
0.0286	21.5801	-0.2346
0.0288	21.5785	-0.1561
0.0291	21.5778	-0.1875
0.0293	21.5771	-0.1482
0.0293	21.5750	-0.1404
0.0297	21.5800	-0.1600
0.0300	21.5767	-0.1914
0.0301	21.5780	-0.2149
0.0302	21.5739	-0.1365
0.0302	21.5762	-0.1718
0.0303	21.5757	-0.1679
0.0304	21.5776	-0.2228
0.0304	21.5785	-0.1992
0.0306	21.5771	-0.1757
0.0306	21.5781	-0.2071
0.0308	21.5763	-0.1835
0.0309	21.5760	-0.2306
0.0309	21.5766	-0.2385
0.0312	21.5740	-0.1522
0.0317	21.5713	-0.1325
0.0319	21.5749	-0.1561
0.0322	21.5729	-0.1875
0.0325	21.5761	-0.2424
0.0329	21.5716	-0.1404
0.0329	21.5729	-0.1482
0.0330	21.5715	-0.1638
0.0331	21.5714	-0.2267
0.0331	21.5737	-0.2110
0.0331	21.5707	-0.1952
0.0332	21.5714	-0.1717
0.0333	21.5718	-0.1796
0.0335	21.5721	-0.2345
0.0338	21.5716	-0.1757
0.0339	21.5716	-0.1678
0.0341	21.5719	-0.2070
0.0343	21.5726	-0.2385
0.0343	21.5697	-0.1835
0.0343	21.5720	-0.2306
0.0346	21.5701	-0.1992
0.0346	21.5722	-0.2149
0.0348	21.5705	-0.1521
0.0350	21.5698	-0.1600
0.0351	21.5694	-0.1913
0.0353	21.5675	-0.1364
0.0354	21.5687	-0.2227
0.0360	21.5684	-0.1874
0.0360	21.5668	-0.1403
0.0360	21.5689	-0.1481
0.0361	21.5691	-0.1717
0.0363	21.5678	-0.2345
0.0365	21.5673	-0.2423
0.0367	21.5667	-0.1325
0.0367	21.5671	-0.1638
0.0369	21.5680	-0.2109
0.0371	21.5670	-0.1795
0.0373	21.5674	-0.2266
0.0375	21.5676	-0.1560
0.0375	21.5653	-0.1952
0.0381	21.5636	-0.1834
0.0381	21.5643	-0.1364
0.0381	21.5659	-0.2227
0.0382	21.5644	-0.1991
0.0384	21.5657	-0.2148
0.0385	21.5638	-0.2384
0.0385	21.5652	-0.1521
0.0387	21.5643	-0.2305
0.0387	21.5638	-0.1756
0.0388	21.5641	-0.1442
0.0388	21.5640	-0.2070
0.0388	21.5649	-0.1678
0.0389	21.5650	-0.1913
0.0390	21.5655	-0.1599
0.0394	21.5608	-0.1285
0.0395	21.5626	-0.1638
0.0400	21.5613	-0.2422
0.0400	21.5615	-0.1717
0.0403	21.5628	-0.2344
0.0406	21.5624	-0.2108
0.0406	21.5601	-0.1951
0.0407	21.5626	-0.1560
0.0408	21.5634	-0.1795
0.0409	21.5593	-0.1324
0.0409	21.5616	-0.1481
0.0410	21.5607	-0.1403
0.0410	21.5611	-0.1991
0.0412	21.5623	-0.2266
0.0413	21.5595	-0.1873
0.0416	21.5593	-0.1834
0.0416	21.5612	-0.1913
0.0419	21.5587	-0.1364
0.0419	21.5606	-0.2227
0.0420	21.5595	-0.2147
0.0420	21.5608	-0.1521
0.0420	21.5618	-0.1599
0.0422	21.5603	-0.2070
0.0424	21.5598	-0.2304
0.0425	21.5602	-0.2383
0.0426	21.5595	-0.1756
0.0427	21.5603	-0.1677
0.0429	21.5579	-0.1442
0.0431	21.5561	-0.1285
0.0435	21.5562	-0.1324
0.0438	21.5583	-0.1951
0.0439	21.5576	-0.1794
0.0440	21.5573	-0.2108
0.0441	21.5576	-0.1559
0.0443	21.5569	-0.1637
0.0443	21.5544	-0.1480
0.0443	21.5567	-0.2265
0.0446	21.5561	-0.1403
0.0446	21.5566	-0.1716
0.0447	21.5537	-0.1246
0.0447	21.5574	-0.2344
0.0450	21.5576	-0.2422
0.0450	21.5545	-0.2383
0.0450	21.5550	-0.2186
0.0450	21.5567	-0.1755
0.0452	21.5561	-0.1873
0.0455	21.5552	-0.1990
0.0456	21.5555	-0.2226
0.0458	21.5562	-0.2147
0.0458	21.5565	-0.2069
