Положение X	Положение Y	Положение Z
-0.0181	21.6584	-0.1811
-0.0175	21.6585	-0.2461
-0.0174	21.6600	-0.2389
-0.0172	21.6595	-0.1883
-0.0172	21.6592	-0.2316
-0.0171	21.6595	-0.2172
-0.0144	21.6532	-0.2315
-0.0142	21.6536	-0.2388
-0.0139	21.6535	-0.2461
-0.0139	21.6513	-0.1882
-0.0137	21.6532	-0.2171
-0.0133	21.6514	-0.2099
-0.0131	21.6505	-0.2243
-0.0131	21.6495	-0.1811
-0.0127	21.6512	-0.1954
-0.0125	21.6502	-0.2027
-0.0107	21.6470	-0.1991
-0.0105	21.6458	-0.2026
-0.0104	21.6442	-0.2243
-0.0102	21.6462	-0.1954
-0.0101	21.6483	-0.2099
-0.0100	21.6432	-0.2170
-0.0098	21.6449	-0.2460
-0.0098	21.6440	-0.1810
-0.0098	21.6458	-0.1882
-0.0097	21.6445	-0.2314
-0.0095	21.6434	-0.2387
-0.0071	21.6398	-0.2279
-0.0071	21.6379	-0.2423
-0.0070	21.6341	-0.2494
-0.0070	21.6376	-0.1810
-0.0069	21.6373	-0.2350
-0.0068	21.6380	-0.2134
-0.0068	21.6365	-0.1990
-0.0068	21.6383	-0.2025
-0.0068	21.6363	-0.2242
-0.0067	21.6393	-0.2098
-0.0067	21.6383	-0.1953
-0.0066	21.6370	-0.2062
-0.0065	21.6366	-0.2170
-0.0064	21.6394	-0.2386
-0.0064	21.6360	-0.2313
-0.0060	21.6356	-0.2459
-0.0059	21.6350	-0.1881
-0.0045	21.6323	-0.1917
-0.0041	21.6343	-0.2422
-0.0041	21.6336	-0.2061
-0.0039	21.6332	-0.2134
-0.0039	21.6322	-0.2350
-0.0038	21.6281	-0.2493
-0.0037	21.6318	-0.1989
-0.0035	21.6321	-0.2206
-0.0034	21.6321	-0.2313
-0.0034	21.6300	-0.1773
-0.0034	21.6315	-0.2277
-0.0032	21.6295	-0.2385
-0.0030	21.6280	-0.1880
-0.0028	21.6294	-0.2457
-0.0027	21.6291	-0.2097
-0.0024	21.6298	-0.2169
-0.0023	21.6279	-0.2241
-0.0023	21.6267	-0.1809
-0.0021	21.6264	-0.1737
-0.0020	21.6279	-0.1952
-0.0016	21.6269	-0.2024
-0.0010	21.6264	-0.1989
-0.0010	21.6262	-0.2061
-0.0005	21.6260	-0.1916
-0.0005	21.6244	-0.2421
-0.0004	21.6252	-0.2277
-0.0002	21.6232	-0.1772
-0.0002	21.6227	-0.2133
0.0000	21.6193	-0.2204
0.0002	21.6222	-0.2349
0.0003	21.6213	-0.2493
0.0004	21.6210	-0.1844
0.0004	21.6240	-0.2457
0.0007	21.6225	-0.1880
0.0008	21.6210	-0.2096
0.0010	21.6189	-0.1808
0.0011	21.6218	-0.1952
0.0011	21.6199	-0.1736
0.0011	21.6201	-0.2312
0.0011	21.6207	-0.2240
0.0013	21.6209	-0.2024
0.0015	21.6188	-0.2384
0.0016	21.6198	-0.2168
0.0028	21.6174	-0.2276
0.0030	21.6157	-0.2348
0.0032	21.6137	-0.2492
0.0033	21.6152	-0.1771
0.0033	21.6160	-0.2204
0.0033	21.6147	-0.1844
0.0035	21.6149	-0.1987
0.0036	21.6152	-0.2132
0.0036	21.6135	-0.2059
0.0036	21.6144	-0.1951
0.0037	21.6143	-0.1915
0.0037	21.6147	-0.1808
0.0039	21.6177	-0.2421
0.0040	21.6128	-0.2095
0.0041	21.6133	-0.1736
0.0041	21.6138	-0.2239
0.0041	21.6140	-0.2168
0.0042	21.6140	-0.2023
0.0046	21.6116	-0.2383
0.0046	21.6120	-0.2311
0.0048	21.6137	-0.2455
0.0050	21.6109	-0.1879
0.0064	21.6088	-0.2131
0.0066	21.6133	-0.2348
0.0066	21.6086	-0.1699
0.0068	21.6085	-0.1843
0.0068	21.6093	-0.2203
0.0068	21.6095	-0.1915
0.0070	21.6062	-0.1771
0.0070	21.6091	-0.2059
0.0070	21.6097	-0.2420
0.0070	21.6039	-0.2491
0.0072	21.6095	-0.2275
0.0074	21.6058	-0.2382
0.0074	21.6068	-0.1986
0.0075	21.6078	-0.2310
0.0077	21.6064	-0.2455
0.0078	21.6054	-0.1878
0.0078	21.6075	-0.2167
0.0079	21.6071	-0.2023
0.0079	21.6040	-0.1663
0.0080	21.6058	-0.1807
0.0080	21.6060	-0.1735
0.0081	21.6060	-0.2239
0.0084	21.6054	-0.2095
0.0086	21.6052	-0.1950
0.0097	21.6015	-0.1770
0.0098	21.6025	-0.1914
0.0098	21.6092	-0.2203
0.0098	21.6019	-0.1986
0.0098	21.6047	-0.1699
0.0101	21.6019	-0.2058
0.0105	21.6017	-0.2131
0.0106	21.6027	-0.2419
0.0106	21.6015	-0.2346
0.0107	21.6026	-0.2275
0.0110	21.5965	-0.2490
0.0111	21.5979	-0.1734
0.0111	21.5996	-0.2238
0.0111	21.6009	-0.2454
0.0114	21.5978	-0.1842
0.0115	21.5982	-0.1878
0.0116	21.5978	-0.1806
0.0117	21.5976	-0.2166
0.0118	21.5982	-0.1949
0.0119	21.5985	-0.2094
0.0119	21.5982	-0.2309
0.0120	21.5971	-0.1662
0.0121	21.5971	-0.2022
0.0127	21.5944	-0.2381
0.0130	21.5963	-0.2274
0.0132	21.5921	-0.2489
0.0135	21.5956	-0.2202
0.0140	21.5933	-0.2346
0.0141	21.5933	-0.1841
0.0141	21.5903	-0.1769
0.0142	21.5934	-0.1698
0.0143	21.5933	-0.2094
0.0143	21.5917	-0.2057
0.0143	21.5921	-0.1626
0.0144	21.5910	-0.1806
0.0144	21.5931	-0.2418
0.0144	21.5937	-0.2165
0.0145	21.5932	-0.1913
0.0146	21.5932	-0.2130
0.0147	21.5918	-0.1589
0.0148	21.5905	-0.1734
0.0148	21.5913	-0.2237
0.0150	21.5912	-0.2309
0.0151	21.5899	-0.1985
0.0151	21.5901	-0.2380
0.0154	21.5888	-0.1949
0.0154	21.5910	-0.1662
0.0156	21.5902	-0.2453
0.0158	21.5896	-0.2021
0.0160	21.5888	-0.1877
0.0172	21.5865	-0.2129
0.0173	21.5889	-0.2417
0.0174	21.5858	-0.1697
0.0174	21.5870	-0.2057
0.0174	21.5865	-0.2345
0.0175	21.5857	-0.1841
0.0179	21.5848	-0.1984
0.0179	21.5857	-0.1913
0.0180	21.5844	-0.2201
0.0180	21.5852	-0.1625
0.0181	21.5836	-0.2488
0.0182	21.5851	-0.2308
0.0182	21.5864	-0.2273
0.0182	21.5823	-0.1769
0.0183	21.5837	-0.2020
0.0184	21.5831	-0.2380
0.0185	21.5828	-0.1877
0.0187	21.5825	-0.1661
0.0187	21.5831	-0.1948
0.0187	21.5843	-0.2452
0.0191	21.5811	-0.1517
0.0191	21.5816	-0.1589
0.0192	21.5821	-0.2092
0.0193	21.5799	-0.2236
0.0195	21.5804	-0.1805
0.0195	21.5807	-0.1733
0.0200	21.5807	-0.2164
0.0206	21.5774	-0.1625
0.0207	21.5803	-0.1984
0.0209	21.5797	-0.2056
0.0210	21.5784	-0.1696
0.0212	21.5779	-0.2128
0.0213	21.5778	-0.1912
0.0213	21.5781	-0.2416
0.0213	21.5769	-0.1768
0.0215	21.5776	-0.2451
0.0215	21.5799	-0.2272
0.0216	21.5777	-0.2200
0.0217	21.5753	-0.1552
0.0219	21.5735	-0.2487
0.0219	21.5754	-0.1840
0.0219	21.5769	-0.2344
0.0219	21.5762	-0.1660
0.0221	21.5742	-0.1947
0.0222	21.5749	-0.1588
0.0223	21.5733	-0.1732
0.0223	21.5745	-0.1876
0.0223	21.5741	-0.2092
0.0224	21.5727	-0.1516
0.0224	21.5738	-0.2235
0.0227	21.5739	-0.2307
0.0228	21.5732	-0.1804
0.0228	21.5740	-0.2019
0.0230	21.5715	-0.1445
0.0230	21.5736	-0.2163
0.0232	21.5732	-0.2379
0.0241	21.5736	-0.2272
0.0241	21.5720	-0.2200
0.0243	21.5715	-0.1696
0.0245	21.5664	-0.2486
0.0247	21.5707	-0.1768
0.0248	21.5688	-0.1839
0.0248	21.5708	-0.1911
0.0249	21.5695	-0.2343
0.0250	21.5691	-0.2415
0.0251	21.5692	-0.2127
0.0252	21.5675	-0.1624
0.0252	21.5699	-0.1983
0.0252	21.5703	-0.1804
0.0252	21.5716	-0.1552
0.0253	21.5701	-0.2055
0.0253	21.5682	-0.2091
0.0255	21.5670	-0.1588
0.0255	21.5678	-0.1947
0.0255	21.5687	-0.2235
0.0256	21.5691	-0.2163
0.0256	21.5659	-0.1732
0.0256	21.5681	-0.1660
0.0257	21.5651	-0.1372
0.0257	21.5685	-0.2378
0.0258	21.5671	-0.1516
0.0261	21.5662	-0.1444
0.0261	21.5674	-0.2306
0.0263	21.5678	-0.2019
0.0263	21.5683	-0.2450
0.0264	21.5648	-0.1875
0.0275	21.5632	-0.1839
0.0278	21.5611	-0.2486
0.0281	21.5629	-0.2342
0.0283	21.5613	-0.2055
0.0283	21.5627	-0.1982
0.0283	21.5639	-0.1911
0.0284	21.5622	-0.1551
0.0284	21.5591	-0.1336
0.0285	21.5615	-0.2414
0.0285	21.5632	-0.2127
0.0288	21.5615	-0.1623
0.0288	21.5628	-0.1695
0.0289	21.5615	-0.2198
0.0290	21.5596	-0.1480
0.0290	21.5598	-0.2305
0.0290	21.5597	-0.1767
0.0291	21.5597	-0.2377
0.0291	21.5617	-0.2270
0.0292	21.5579	-0.1515
0.0293	21.5593	-0.1372
0.0293	21.5601	-0.2449
0.0294	21.5595	-0.2018
0.0294	21.5597	-0.2162
0.0295	21.5589	-0.1444
0.0297	21.5587	-0.1874
0.0298	21.5585	-0.2234
0.0299	21.5566	-0.1731
0.0299	21.5574	-0.2090
0.0299	21.5569	-0.1803
0.0299	21.5588	-0.1659
0.0301	21.5583	-0.1947
0.0302	21.5579	-0.1587
0.0314	21.5539	-0.1551
0.0314	21.5559	-0.1982
0.0316	21.5549	-0.2054
0.0319	21.5546	-0.2126
0.0319	21.5549	-0.1695
0.0320	21.5594	-0.1910
0.0321	21.5555	-0.1623
0.0321	21.5549	-0.2414
0.0322	21.5537	-0.1407
0.0322	21.5538	-0.2485
0.0322	21.5539	-0.2269
0.0322	21.5542	-0.2198
0.0323	21.5540	-0.1766
0.0323	21.5515	-0.1335
0.0324	21.5521	-0.1479
0.0326	21.5513	-0.1515
0.0326	21.5525	-0.2341
0.0327	21.5540	-0.2233
0.0327	21.5518	-0.1586
0.0328	21.5534	-0.2449
0.0328	21.5538	-0.1659
0.0329	21.5523	-0.1731
0.0331	21.5516	-0.1874
0.0331	21.5528	-0.2017
0.0333	21.5525	-0.1802
0.0334	21.5539	-0.1946
0.0334	21.5511	-0.2304
0.0335	21.5563	-0.2162
0.0337	21.5520	-0.2376
