Положение X	Положение Y	Положение Z
-0.0284	21.6487	-0.1777
-0.0280	21.6494	-0.1863
-0.0261	21.6483	-0.2469
-0.0259	21.6467	-0.2080
-0.0255	21.6479	-0.2166
-0.0255	21.6483	-0.2036
-0.0253	21.6466	-0.1776
-0.0252	21.6491	-0.1863
-0.0248	21.6463	-0.2122
-0.0248	21.6441	-0.1690
-0.0247	21.6487	-0.2383
-0.0245	21.6451	-0.2295
-0.0245	21.6479	-0.2209
-0.0235	21.6461	-0.1949
-0.0220	21.6434	-0.2165
-0.0217	21.6473	-0.1993
-0.0215	21.6429	-0.2252
-0.0214	21.6443	-0.2382
-0.0214	21.6425	-0.2079
-0.0212	21.6437	-0.2425
-0.0212	21.6428	-0.1906
-0.0205	21.6419	-0.1862
-0.0205	21.6417	-0.1949
-0.0204	21.6417	-0.2295
-0.0204	21.6414	-0.2209
-0.0203	21.6411	-0.2468
-0.0201	21.6407	-0.1689
-0.0201	21.6431	-0.2036
-0.0201	21.6407	-0.1776
-0.0196	21.6410	-0.2122
-0.0178	21.6364	-0.2079
-0.0177	21.6389	-0.2425
-0.0175	21.6395	-0.1905
-0.0175	21.6385	-0.2251
-0.0175	21.6381	-0.1992
-0.0174	21.6384	-0.2165
-0.0173	21.6386	-0.2338
-0.0173	21.6377	-0.1732
-0.0168	21.6362	-0.1819
-0.0165	21.6364	-0.1948
-0.0164	21.6369	-0.2208
-0.0161	21.6391	-0.2035
-0.0161	21.6380	-0.2468
-0.0161	21.6346	-0.1689
-0.0160	21.6367	-0.1862
-0.0158	21.6362	-0.2294
-0.0155	21.6365	-0.2382
-0.0155	21.6354	-0.2122
-0.0150	21.6372	-0.1776
-0.0140	21.6354	-0.1992
-0.0134	21.6332	-0.1818
-0.0133	21.6339	-0.2164
-0.0133	21.6329	-0.1905
-0.0132	21.6332	-0.2337
-0.0132	21.6330	-0.2251
-0.0128	21.6317	-0.2078
-0.0126	21.6326	-0.2424
-0.0126	21.6319	-0.1645
-0.0125	21.6320	-0.1732
-0.0124	21.6330	-0.2467
-0.0123	21.6327	-0.2035
-0.0123	21.6323	-0.2208
-0.0123	21.6327	-0.1862
-0.0119	21.6320	-0.1689
-0.0119	21.6303	-0.1602
-0.0118	21.6321	-0.2121
-0.0115	21.6320	-0.2294
-0.0113	21.6320	-0.2381
-0.0112	21.6311	-0.1948
-0.0104	21.6309	-0.1775
-0.0096	21.6300	-0.1731
-0.0096	21.6293	-0.2164
-0.0096	21.6284	-0.2337
-0.0092	21.6285	-0.1904
-0.0092	21.6282	-0.2294
-0.0089	21.6278	-0.2078
-0.0089	21.6257	-0.1644
-0.0088	21.6279	-0.2251
-0.0087	21.6287	-0.2423
-0.0086	21.6275	-0.1991
-0.0085	21.6283	-0.2380
-0.0084	21.6265	-0.1818
-0.0075	21.6272	-0.1775
-0.0071	21.6268	-0.1688
-0.0071	21.6262	-0.1948
-0.0070	21.6255	-0.2467
-0.0069	21.6280	-0.2034
-0.0069	21.6255	-0.1861
-0.0067	21.6268	-0.2121
-0.0062	21.6253	-0.2207
-0.0060	21.6245	-0.1601
-0.0052	21.6242	-0.1904
-0.0049	21.6247	-0.2423
-0.0049	21.6232	-0.2077
-0.0049	21.6238	-0.2250
-0.0046	21.6219	-0.1644
-0.0044	21.6232	-0.1991
-0.0043	21.6240	-0.2163
-0.0042	21.6222	-0.1818
-0.0041	21.6224	-0.2336
-0.0039	21.6230	-0.1731
-0.0038	21.6210	-0.1688
-0.0037	21.6224	-0.1947
-0.0034	21.6224	-0.2120
-0.0034	21.6211	-0.2034
-0.0032	21.6198	-0.1601
-0.0030	21.6193	-0.2206
-0.0029	21.6205	-0.1860
-0.0028	21.6198	-0.2293
-0.0026	21.6209	-0.2379
-0.0024	21.6212	-0.1774
-0.0021	21.6204	-0.2466
-0.0011	21.6184	-0.1817
-0.0007	21.6200	-0.1644
-0.0006	21.6198	-0.1990
-0.0004	21.6186	-0.2422
-0.0004	21.6193	-0.2249
-0.0003	21.6180	-0.2336
-0.0003	21.6177	-0.1558
0.0000	21.6180	-0.1903
0.0000	21.6169	-0.2077
0.0001	21.6177	-0.1730
0.0001	21.6176	-0.2163
0.0004	21.6160	-0.1860
0.0005	21.6177	-0.2206
0.0006	21.6172	-0.2033
0.0006	21.6188	-0.2466
0.0009	21.6169	-0.2292
0.0011	21.6157	-0.1601
0.0011	21.6165	-0.2120
0.0013	21.6170	-0.1774
0.0017	21.6150	-0.1687
0.0020	21.6156	-0.2379
0.0024	21.6157	-0.1947
0.0033	21.6138	-0.2335
0.0036	21.6140	-0.1730
0.0036	21.6118	-0.2248
0.0040	21.6123	-0.2076
0.0040	21.6141	-0.2162
0.0041	21.6141	-0.1644
0.0042	21.6121	-0.1558
0.0043	21.6135	-0.1903
0.0043	21.6128	-0.1990
0.0044	21.6114	-0.1816
0.0045	21.6132	-0.2422
0.0046	21.6133	-0.2292
0.0050	21.6124	-0.2465
0.0052	21.6113	-0.1687
0.0054	21.6111	-0.2378
0.0054	21.6081	-0.1514
0.0054	21.6104	-0.1600
0.0054	21.6120	-0.1773
0.0056	21.6057	-0.2119
0.0057	21.6115	-0.1946
0.0059	21.6096	-0.2205
0.0063	21.6094	-0.1859
0.0063	21.6106	-0.2033
0.0076	21.6093	-0.2249
0.0078	21.6075	-0.2076
0.0080	21.6079	-0.2335
0.0080	21.6079	-0.1989
0.0080	21.6101	-0.1903
0.0081	21.6084	-0.1644
0.0083	21.6076	-0.1557
0.0083	21.6084	-0.1816
0.0085	21.6080	-0.2162
0.0085	21.6094	-0.2421
0.0087	21.6008	-0.1470
0.0087	21.6083	-0.1730
0.0090	21.6054	-0.1600
0.0092	21.6070	-0.2119
0.0093	21.6063	-0.1687
0.0094	21.6058	-0.1946
0.0094	21.6082	-0.2378
0.0099	21.6053	-0.1514
0.0101	21.6020	-0.2464
0.0103	21.6058	-0.1773
0.0104	21.5983	-0.2204
0.0105	21.6043	-0.2291
0.0105	21.6043	-0.1859
0.0106	21.6040	-0.2032
0.0116	21.6044	-0.1557
0.0119	21.6032	-0.1816
0.0119	21.6035	-0.2421
0.0120	21.6041	-0.1643
0.0122	21.6039	-0.1989
0.0124	21.6042	-0.1729
0.0124	21.6057	-0.2162
0.0125	21.6028	-0.1470
0.0126	21.6036	-0.2248
0.0129	21.6051	-0.2032
0.0130	21.6030	-0.1902
0.0130	21.6049	-0.2076
0.0131	21.6024	-0.2334
0.0132	21.6022	-0.1859
0.0133	21.6012	-0.1773
0.0136	21.6023	-0.1513
0.0139	21.6012	-0.2205
0.0146	21.6015	-0.2118
0.0149	21.5989	-0.1599
0.0151	21.5991	-0.2464
0.0151	21.5986	-0.1686
0.0154	21.5999	-0.2291
0.0154	21.6002	-0.2377
0.0154	21.6001	-0.1945
0.0160	21.5981	-0.1729
0.0163	21.5993	-0.2161
0.0167	21.5979	-0.1557
0.0169	21.5977	-0.2247
0.0169	21.5980	-0.1902
0.0170	21.5946	-0.1470
0.0170	21.5997	-0.2075
0.0171	21.5971	-0.1642
0.0173	21.5988	-0.2334
0.0174	21.5985	-0.2420
0.0174	21.5979	-0.1988
0.0176	21.5971	-0.1816
0.0180	21.5965	-0.2376
0.0183	21.5939	-0.2204
0.0183	21.5971	-0.1945
0.0184	21.5982	-0.1859
0.0186	21.5972	-0.2290
0.0186	21.5940	-0.1426
0.0186	21.5947	-0.1513
0.0186	21.5960	-0.1686
0.0188	21.5965	-0.2031
0.0188	21.5958	-0.2118
0.0188	21.5959	-0.1772
0.0188	21.5928	-0.1599
0.0198	21.5955	-0.2463
0.0202	21.5926	-0.1901
0.0207	21.5943	-0.2420
0.0208	21.5933	-0.2333
0.0210	21.5917	-0.1815
0.0210	21.5948	-0.2075
0.0210	21.5897	-0.1469
0.0210	21.5940	-0.2247
0.0212	21.5922	-0.1642
0.0215	21.5941	-0.1988
0.0216	21.5921	-0.1555
0.0217	21.5930	-0.1729
0.0217	21.5933	-0.2160
0.0219	21.5925	-0.1686
0.0220	21.5901	-0.1599
0.0220	21.5929	-0.1945
0.0221	21.5920	-0.2377
0.0221	21.5921	-0.2463
0.0223	21.5903	-0.1426
0.0224	21.5915	-0.2031
0.0224	21.5941	-0.2118
0.0226	21.5915	-0.2290
0.0231	21.5908	-0.2204
0.0232	21.5907	-0.1858
0.0237	21.5889	-0.1512
0.0237	21.5922	-0.1772
0.0248	21.5871	-0.1815
0.0248	21.5891	-0.2419
0.0249	21.5903	-0.1555
0.0250	21.5870	-0.1469
0.0250	21.5883	-0.1728
0.0251	21.5889	-0.1641
0.0252	21.5875	-0.1987
0.0252	21.5883	-0.2246
0.0258	21.5878	-0.2074
0.0259	21.5861	-0.1901
0.0260	21.5886	-0.2333
0.0262	21.5900	-0.2160
0.0264	21.5872	-0.2031
0.0264	21.5882	-0.2203
0.0267	21.5870	-0.1858
0.0270	21.5864	-0.1512
0.0272	21.5870	-0.2289
0.0275	21.5855	-0.1771
0.0276	21.5847	-0.1598
0.0276	21.5854	-0.2462
0.0276	21.5876	-0.2117
0.0279	21.5864	-0.1685
0.0280	21.5825	-0.1426
0.0280	21.5857	-0.1944
0.0281	21.5854	-0.2375
0.0290	21.5832	-0.2418
0.0291	21.5834	-0.1469
0.0294	21.5852	-0.1728
0.0294	21.5826	-0.1555
0.0295	21.5833	-0.2074
0.0298	21.5819	-0.1900
0.0298	21.5837	-0.2332
0.0299	21.5818	-0.2159
0.0300	21.5817	-0.1641
0.0302	21.5804	-0.2246
0.0304	21.5814	-0.1382
0.0307	21.5833	-0.2289
0.0308	21.5788	-0.1814
0.0312	21.5820	-0.1771
0.0312	21.5797	-0.1425
0.0313	21.5829	-0.1857
0.0313	21.5825	-0.1512
0.0314	21.5806	-0.1987
0.0314	21.5810	-0.1944
0.0316	21.5809	-0.1685
0.0317	21.5826	-0.2117
0.0317	21.5789	-0.1598
0.0318	21.5796	-0.2202
0.0319	21.5822	-0.2462
0.0320	21.5804	-0.2030
0.0322	21.5789	-0.2375
0.0333	21.5804	-0.1900
0.0335	21.5777	-0.1814
0.0336	21.5772	-0.1382
0.0338	21.5775	-0.1986
0.0341	21.5784	-0.2073
0.0341	21.5789	-0.1641
0.0342	21.5779	-0.2331
0.0345	21.5781	-0.2245
0.0346	21.5749	-0.1468
0.0346	21.5789	-0.1727
0.0347	21.5777	-0.2159
0.0349	21.5754	-0.1598
0.0350	21.5770	-0.2116
0.0350	21.5778	-0.1943
0.0350	21.5786	-0.1554
0.0351	21.5767	-0.2418
0.0353	21.5773	-0.2461
0.0353	21.5755	-0.1425
0.0360	21.5750	-0.1684
0.0360	21.5751	-0.1857
0.0362	21.5752	-0.1770
0.0363	21.5707	-0.2288
0.0363	21.5748	-0.2029
0.0363	21.5755	-0.2202
0.0365	21.5751	-0.2375
0.0366	21.5759	-0.1512
0.0370	21.5710	-0.1338
0.0375	21.5750	-0.2159
0.0379	21.5733	-0.1814
0.0379	21.5727	-0.2244
0.0380	21.5720	-0.1727
0.0383	21.5716	-0.1641
0.0383	21.5740	-0.2417
0.0383	21.5719	-0.1986
0.0383	21.5740	-0.2331
0.0384	21.5741	-0.1555
0.0386	21.5726	-0.2073
0.0388	21.5719	-0.1468
0.0388	21.5728	-0.1382
0.0391	21.5712	-0.1856
0.0391	21.5720	-0.1900
0.0393	21.5724	-0.2202
0.0394	21.5719	-0.1338
0.0394	21.5721	-0.2029
0.0394	21.5723	-0.1511
0.0398	21.5716	-0.1770
0.0399	21.5686	-0.2374
0.0399	21.5723	-0.1684
0.0403	21.5688	-0.2460
0.0405	21.5711	-0.2288
0.0405	21.5720	-0.1943
0.0407	21.5706	-0.1425
0.0407	21.5711	-0.2115
0.0407	21.5677	-0.1597
0.0417	21.5686	-0.2417
0.0419	21.5702	-0.1641
0.0420	21.5699	-0.1727
0.0421	21.5690	-0.2158
0.0421	21.5677	-0.1295
0.0421	21.5685	-0.2244
0.0423	21.5690	-0.2330
0.0427	21.5685	-0.1899
0.0428	21.5673	-0.1382
0.0428	21.5679	-0.1554
0.0429	21.5658	-0.1468
0.0431	21.5673	-0.1985
0.0432	21.5676	-0.2072
0.0433	21.5665	-0.1813
0.0439	21.5673	-0.1425
0.0441	21.5662	-0.1942
0.0441	21.5664	-0.1684
0.0442	21.5658	-0.1511
0.0443	21.5671	-0.2115
0.0444	21.5649	-0.2028
0.0446	21.5642	-0.1597
0.0446	21.5651	-0.2287
0.0448	21.5667	-0.1856
0.0448	21.5669	-0.1770
0.0449	21.5641	-0.1338
0.0450	21.5652	-0.2201
0.0451	21.5648	-0.2460
0.0452	21.5640	-0.2374
0.0463	21.5642	-0.1381
0.0465	21.5646	-0.2330
0.0467	21.5612	-0.1813
0.0471	21.5629	-0.1899
0.0471	21.5643	-0.2072
0.0472	21.5618	-0.2416
0.0473	21.5643	-0.2244
0.0474	21.5635	-0.2157
0.0474	21.5606	-0.1295
0.0474	21.5627	-0.1640
0.0475	21.5618	-0.1985
0.0475	21.5643	-0.1553
0.0475	21.5600	-0.1467
0.0476	21.5621	-0.1726
0.0478	21.5621	-0.2287
0.0479	21.5623	-0.1683
0.0480	21.5619	-0.1942
0.0481	21.5610	-0.1424
0.0481	21.5609	-0.2114
0.0482	21.5622	-0.2028
0.0484	21.5610	-0.1855
0.0489	21.5617	-0.1769
0.0490	21.5627	-0.2459
0.0491	21.5621	-0.2373
