Положение X	Положение Y	Положение Z
0.0954	21.6687	-0.2119
0.0955	21.6590	-0.1944
0.0987	21.6678	-0.2118
0.0988	21.6693	-0.2205
0.0992	21.6699	-0.1945
0.0993	21.6719	-0.1338
0.0997	21.6706	-0.1598
0.0999	21.6720	-0.2032
0.1027	21.6687	-0.1858
0.1028	21.6747	-0.1165
0.1029	21.6685	-0.1945
0.1030	21.6732	-0.1425
0.1031	21.6683	-0.2032
0.1034	21.6723	-0.1251
0.1035	21.6730	-0.1338
0.1037	21.6677	-0.1772
0.1038	21.6682	-0.1685
0.1040	21.6654	-0.2118
0.1041	21.6696	-0.1598
0.1046	21.6697	-0.1512
0.1047	21.6635	-0.2204
0.1072	21.6677	-0.1598
0.1075	21.6478	-0.2030
0.1076	21.6609	-0.2204
0.1078	21.6660	-0.1252
0.1078	21.6617	-0.1685
0.1079	21.6691	-0.1165
0.1082	21.6615	-0.1771
0.1082	21.6622	-0.1944
0.1083	21.6643	-0.1512
0.1083	21.6661	-0.1338
0.1084	21.6612	-0.2118
0.1086	21.6619	-0.1425
0.1088	21.6638	-0.1858
0.1116	21.6588	-0.1684
0.1117	21.6545	-0.2117
0.1118	21.6551	-0.2204
0.1119	21.6552	-0.1857
0.1120	21.6623	-0.1164
0.1120	21.6600	-0.1425
0.1121	21.6582	-0.1771
0.1122	21.6545	-0.1944
0.1124	21.6581	-0.1337
0.1124	21.6570	-0.2031
0.1124	21.6571	-0.1511
0.1126	21.6600	-0.1597
0.1127	21.6599	-0.1251
0.1151	21.6503	-0.1857
0.1154	21.6510	-0.1814
0.1155	21.6511	-0.1943
0.1155	21.6487	-0.2073
0.1155	21.6523	-0.1640
0.1156	21.6523	-0.1900
0.1156	21.6531	-0.1987
0.1156	21.6510	-0.2160
0.1157	21.6512	-0.1251
0.1158	21.6537	-0.1424
0.1160	21.6563	-0.1164
0.1164	21.6516	-0.1337
0.1164	21.6521	-0.1511
0.1164	21.6509	-0.1770
0.1168	21.6496	-0.2030
0.1169	21.6551	-0.1597
0.1172	21.6488	-0.2117
0.1173	21.6509	-0.1684
0.1174	21.6466	-0.2203
0.1190	21.6455	-0.1900
0.1192	21.6448	-0.1986
0.1193	21.6494	-0.1814
0.1193	21.6452	-0.1727
0.1193	21.6460	-0.2160
0.1193	21.6503	-0.1381
0.1193	21.6527	-0.1121
0.1195	21.6469	-0.1553
0.1195	21.6416	-0.2245
0.1195	21.6449	-0.2073
0.1195	21.6482	-0.1640
0.1195	21.6497	-0.1467
0.1198	21.6524	-0.1294
0.1201	21.6471	-0.1597
0.1203	21.6495	-0.1207
0.1203	21.6416	-0.1769
0.1204	21.6410	-0.2202
0.1207	21.6424	-0.2029
0.1207	21.6486	-0.1337
0.1209	21.6412	-0.2116
0.1210	21.6444	-0.1943
0.1212	21.6437	-0.1856
0.1212	21.6442	-0.1251
0.1212	21.6442	-0.1683
0.1212	21.6514	-0.1164
0.1214	21.6483	-0.1511
0.1217	21.6465	-0.1424
0.1225	21.6434	-0.1293
0.1227	21.6411	-0.2073
0.1227	21.6421	-0.1726
0.1227	21.6385	-0.2245
0.1229	21.6448	-0.1207
0.1230	21.6407	-0.2159
0.1230	21.6421	-0.1553
0.1232	21.6401	-0.1640
0.1234	21.6446	-0.1380
0.1235	21.6464	-0.1467
0.1236	21.6402	-0.1813
0.1236	21.6417	-0.1899
0.1240	21.6391	-0.1985
0.1245	21.6352	-0.1683
0.1245	21.6376	-0.2116
0.1245	21.6380	-0.1856
0.1246	21.6355	-0.2202
0.1248	21.6412	-0.1423
0.1249	21.6441	-0.1337
0.1250	21.6391	-0.2029
0.1251	21.6424	-0.1163
0.1251	21.6431	-0.1121
0.1252	21.6364	-0.1942
0.1253	21.6443	-0.1510
0.1255	21.6403	-0.1250
0.1255	21.6393	-0.1770
0.1256	21.6388	-0.1596
0.1266	21.6386	-0.1466
0.1266	21.6330	-0.2072
0.1267	21.6382	-0.1639
0.1270	21.6347	-0.1985
0.1271	21.6386	-0.1293
0.1272	21.6361	-0.1813
0.1273	21.6364	-0.2158
0.1277	21.6340	-0.1898
0.1279	21.6389	-0.1120
0.1280	21.6299	-0.2245
0.1280	21.6422	-0.1207
0.1283	21.6357	-0.1380
0.1284	21.6348	-0.1726
0.1286	21.6384	-0.1163
0.1286	21.6379	-0.1552
0.1288	21.6326	-0.1855
0.1288	21.6353	-0.1942
0.1288	21.6348	-0.1423
0.1290	21.6349	-0.1250
0.1292	21.6355	-0.1510
0.1295	21.6297	-0.1682
0.1297	21.6281	-0.2201
0.1297	21.6300	-0.2028
0.1297	21.6253	-0.2114
0.1297	21.6331	-0.1769
0.1298	21.6332	-0.1336
0.1298	21.6334	-0.1595
0.1314	21.6307	-0.1812
0.1314	21.6342	-0.1120
0.1315	21.6264	-0.1985
0.1318	21.6313	-0.1380
0.1318	21.6263	-0.1898
0.1320	21.6253	-0.1725
0.1322	21.6324	-0.1552
0.1322	21.6246	-0.2157
0.1322	21.6260	-0.2244
0.1324	21.6327	-0.1466
0.1324	21.6293	-0.1639
0.1324	21.6296	-0.1206
0.1325	21.6245	-0.2071
0.1329	21.6309	-0.1293
0.1331	21.6262	-0.1595
0.1331	21.6301	-0.1509
0.1333	21.6260	-0.1335
0.1333	21.6224	-0.2200
0.1335	21.6246	-0.1768
0.1336	21.6264	-0.1682
0.1338	21.6310	-0.1163
0.1338	21.6237	-0.2028
0.1341	21.6226	-0.2114
0.1342	21.6242	-0.1941
0.1345	21.6246	-0.1854
0.1345	21.6270	-0.1422
0.1346	21.6270	-0.1249
0.1353	21.6248	-0.1551
0.1354	21.6260	-0.1725
0.1356	21.6197	-0.2244
0.1357	21.6277	-0.1206
0.1357	21.6212	-0.2071
0.1358	21.6273	-0.1292
0.1361	21.6248	-0.1379
0.1364	21.6224	-0.1811
0.1365	21.6189	-0.2157
0.1365	21.6250	-0.1898
0.1367	21.6223	-0.1638
0.1368	21.6239	-0.1465
0.1369	21.6206	-0.1984
0.1369	21.6240	-0.1682
0.1370	21.6257	-0.1120
0.1372	21.6164	-0.2113
0.1373	21.6184	-0.1768
0.1373	21.6176	-0.2200
0.1374	21.6226	-0.1509
0.1376	21.6221	-0.1335
0.1378	21.6185	-0.2027
0.1378	21.6186	-0.1854
0.1378	21.6193	-0.1422
0.1382	21.6266	-0.1163
0.1384	21.6246	-0.1595
0.1386	21.6159	-0.1940
0.1394	21.6185	-0.2071
0.1395	21.6211	-0.1248
0.1398	21.6177	-0.1638
0.1398	21.6193	-0.1292
0.1399	21.6186	-0.1465
0.1399	21.6161	-0.2243
0.1402	21.6157	-0.1897
0.1404	21.6187	-0.1984
0.1406	21.6178	-0.1810
0.1406	21.6160	-0.2156
0.1407	21.6176	-0.1206
0.1410	21.6213	-0.1119
0.1412	21.6151	-0.1724
0.1414	21.6183	-0.1940
0.1414	21.6208	-0.1551
0.1414	21.6133	-0.1422
0.1414	21.6195	-0.1162
0.1416	21.6166	-0.1379
0.1416	21.6128	-0.1853
0.1422	21.6131	-0.1248
0.1423	21.6183	-0.1508
0.1424	21.6168	-0.1594
0.1425	21.6116	-0.2026
0.1425	21.6089	-0.2112
0.1426	21.6119	-0.2199
0.1427	21.6156	-0.1335
0.1428	21.6134	-0.1681
0.1429	21.6108	-0.1767
0.1439	21.6163	-0.1119
0.1440	21.6151	-0.1983
0.1442	21.6112	-0.1810
0.1442	21.6132	-0.1897
0.1443	21.6127	-0.1378
0.1446	21.6080	-0.1724
0.1446	21.6150	-0.1551
0.1450	21.6038	-0.2155
0.1451	21.6098	-0.1637
0.1452	21.6114	-0.1464
0.1453	21.6023	-0.2242
0.1454	21.6099	-0.2070
0.1456	21.6106	-0.1291
0.1458	21.6122	-0.1594
0.1459	21.6103	-0.1205
0.1463	21.6119	-0.1248
0.1466	21.6077	-0.1681
0.1466	21.6078	-0.2026
0.1467	21.6062	-0.2112
0.1467	21.6109	-0.1508
0.1468	21.6043	-0.2199
0.1468	21.6082	-0.1940
0.1469	21.6086	-0.1334
0.1471	21.6073	-0.1853
0.1471	21.6102	-0.1421
0.1471	21.6083	-0.1767
0.1472	21.6110	-0.1162
0.1476	21.6069	-0.1724
0.1481	21.6103	-0.1550
0.1483	21.6058	-0.1809
0.1483	21.6074	-0.1291
0.1485	21.6044	-0.1982
0.1487	21.6096	-0.1205
0.1488	21.6066	-0.2069
0.1488	21.6079	-0.1637
0.1489	21.6033	-0.2155
0.1491	21.6000	-0.2241
0.1491	21.6036	-0.1464
0.1493	21.6017	-0.1896
0.1493	21.6060	-0.1378
0.1497	21.6091	-0.1119
0.1500	21.5986	-0.2112
0.1503	21.5990	-0.1680
0.1504	21.6047	-0.1248
0.1505	21.6027	-0.1853
0.1505	21.6007	-0.1766
0.1506	21.6026	-0.2026
0.1508	21.6060	-0.1421
0.1509	21.5969	-0.2198
0.1509	21.6042	-0.1161
0.1510	21.5973	-0.1939
0.1512	21.6008	-0.1593
0.1512	21.6044	-0.1334
0.1514	21.6012	-0.1507
0.1524	21.5976	-0.2069
0.1527	21.5984	-0.1636
0.1527	21.5991	-0.1463
0.1528	21.5942	-0.2154
0.1529	21.6017	-0.1118
0.1529	21.5938	-0.2241
0.1529	21.6005	-0.1291
0.1531	21.6041	-0.1205
0.1535	21.5972	-0.1895
0.1536	21.6008	-0.1378
0.1537	21.5906	-0.1981
0.1539	21.5977	-0.1809
0.1539	21.5967	-0.1420
0.1541	21.5951	-0.1852
0.1541	21.5980	-0.1550
0.1542	21.5980	-0.1723
0.1542	21.6004	-0.1334
0.1543	21.5963	-0.1938
0.1543	21.6015	-0.1161
0.1544	21.6031	-0.1247
0.1548	21.5861	-0.2197
0.1552	21.5955	-0.1680
0.1553	21.5909	-0.2111
0.1553	21.5953	-0.2025
0.1553	21.6000	-0.1593
0.1554	21.5949	-0.1766
0.1568	21.5977	-0.1507
0.1570	21.5990	-0.1118
0.1570	21.5961	-0.1377
0.1575	21.5951	-0.1895
0.1575	21.5886	-0.1722
0.1578	21.5886	-0.1981
0.1578	21.5920	-0.1549
0.1578	21.5926	-0.2154
0.1579	21.5930	-0.1809
0.1580	21.5913	-0.2241
0.1580	21.5919	-0.1592
0.1580	21.5941	-0.1204
0.1581	21.5886	-0.2068
0.1581	21.5898	-0.1636
0.1581	21.5949	-0.1463
0.1585	21.5951	-0.1290
0.1590	21.5883	-0.1765
0.1592	21.5917	-0.1161
0.1594	21.5883	-0.2025
0.1596	21.5869	-0.1333
0.1596	21.5902	-0.1507
0.1597	21.5909	-0.1679
0.1598	21.5854	-0.2197
0.1599	21.5839	-0.2110
0.1599	21.5893	-0.1420
0.1601	21.5868	-0.1938
0.1603	21.5834	-0.1851
0.1603	21.5889	-0.1247
0.1607	21.5880	-0.1809
0.1610	21.5895	-0.1550
0.1610	21.5872	-0.1722
0.1611	21.5901	-0.1290
0.1613	21.5854	-0.2067
0.1614	21.5869	-0.1895
0.1614	21.5851	-0.1981
0.1616	21.5821	-0.2240
0.1618	21.5886	-0.1377
0.1620	21.5894	-0.1204
0.1621	21.5858	-0.2153
0.1621	21.5844	-0.1462
0.1625	21.5921	-0.1118
0.1626	21.5849	-0.1635
0.1629	21.5830	-0.1937
0.1629	21.5814	-0.1678
0.1631	21.5819	-0.2110
0.1631	21.5837	-0.1765
0.1632	21.5854	-0.1506
0.1633	21.5786	-0.2023
0.1634	21.5848	-0.1851
0.1635	21.5881	-0.1247
0.1637	21.5843	-0.1333
0.1638	21.5847	-0.1420
0.1638	21.5741	-0.2195
0.1639	21.5839	-0.1592
0.1644	21.5877	-0.1160
0.1647	21.5768	-0.2067
0.1652	21.5829	-0.1290
0.1654	21.5743	-0.2239
0.1655	21.5755	-0.2152
0.1657	21.5841	-0.1118
0.1657	21.5844	-0.1462
0.1658	21.5834	-0.1204
0.1663	21.5757	-0.1635
0.1665	21.5761	-0.1980
0.1669	21.5750	-0.2023
0.1670	21.5774	-0.1850
0.1670	21.5795	-0.1721
0.1671	21.5801	-0.1333
0.1671	21.5811	-0.1376
0.1672	21.5809	-0.1549
0.1672	21.5783	-0.1894
0.1674	21.5762	-0.1937
0.1675	21.5821	-0.1247
0.1676	21.5792	-0.1592
0.1676	21.5747	-0.2195
0.1676	21.5794	-0.1764
0.1677	21.5809	-0.1506
0.1678	21.5764	-0.1678
0.1680	21.5780	-0.1419
0.1681	21.5777	-0.1807
0.1683	21.5811	-0.1160
0.1695	21.5801	-0.1117
0.1701	21.5701	-0.1634
0.1702	21.5749	-0.1807
0.1705	21.5710	-0.1893
0.1705	21.5672	-0.2151
0.1706	21.5758	-0.1376
0.1706	21.5703	-0.1980
0.1708	21.5768	-0.1721
0.1708	21.5736	-0.1548
0.1708	21.5759	-0.1462
0.1708	21.5693	-0.2238
0.1709	21.5788	-0.1203
0.1709	21.5702	-0.2066
0.1713	21.5736	-0.1419
0.1713	21.5764	-0.1289
0.1713	21.5726	-0.1678
0.1714	21.5791	-0.1333
0.1714	21.5764	-0.1247
0.1717	21.5713	-0.1591
0.1717	21.5683	-0.1764
0.1736	21.5687	-0.1289
0.1737	21.5669	-0.1806
0.1739	21.5635	-0.1979
0.1739	21.5681	-0.1720
0.1742	21.5669	-0.1893
0.1743	21.5725	-0.1203
0.1744	21.5696	-0.1548
0.1744	21.5632	-0.2065
0.1744	21.5726	-0.1376
0.1745	21.5709	-0.1634
0.1746	21.5612	-0.2151
0.1746	21.5636	-0.2238
0.1751	21.5685	-0.1461
0.1755	21.5710	-0.1117
0.1780	21.5623	-0.2065
0.1782	21.5682	-0.1203
0.1785	21.5576	-0.2150
0.1785	21.5664	-0.1117
0.1785	21.5553	-0.2237
0.1785	21.5643	-0.1289
0.1785	21.5649	-0.1461
0.1786	21.5641	-0.1634
0.1792	21.5600	-0.1979
0.1792	21.5662	-0.1375
0.1795	21.5565	-0.1892
0.1795	21.5658	-0.1548
0.1795	21.5594	-0.1805
0.1798	21.5607	-0.1720
0.1825	21.5602	-0.1116
0.1828	21.5495	-0.1891
0.1830	21.5534	-0.1719
0.1833	21.5505	-0.1978
0.1834	21.5510	-0.2150
0.1835	21.5630	-0.1634
0.1835	21.5460	-0.2236
0.1835	21.5560	-0.1460
0.1836	21.5533	-0.1375
0.1836	21.5543	-0.1806
0.1836	21.5499	-0.2064
0.1838	21.5586	-0.1202
0.1839	21.5536	-0.1547
0.1841	21.5566	-0.1288
0.1860	21.5502	-0.1374
0.1863	21.5499	-0.1288
0.1865	21.5453	-0.1891
0.1865	21.5493	-0.1547
0.1869	21.5488	-0.1460
0.1874	21.5502	-0.1202
0.1875	21.5462	-0.1632
0.1876	21.5494	-0.1719
0.1887	21.5477	-0.1116
