Положение X	Положение Y	Положение Z
0.1246	21.6782	-0.1831
0.1251	21.6802	-0.2062
0.1252	21.6744	-0.2293
0.1252	21.6746	-0.1889
0.1254	21.6788	-0.2004
0.1255	21.6719	-0.2119
0.1256	21.6782	-0.1946
0.1274	21.6700	-0.2003
0.1275	21.6714	-0.1541
0.1275	21.6806	-0.1484
0.1276	21.6802	-0.1946
0.1276	21.6783	-0.2177
0.1276	21.6663	-0.2292
0.1277	21.6711	-0.1773
0.1278	21.6737	-0.1889
0.1278	21.6777	-0.1253
0.1278	21.6810	-0.1715
0.1279	21.6757	-0.2120
0.1279	21.6714	-0.1657
0.1280	21.6814	-0.1311
0.1280	21.6733	-0.2062
0.1280	21.6634	-0.1829
0.1280	21.6780	-0.1369
0.1280	21.6680	-0.2234
0.1283	21.6815	-0.1079
0.1292	21.6803	-0.1600
0.1301	21.6718	-0.1426
0.1302	21.6799	-0.1253
0.1302	21.6643	-0.1888
0.1303	21.6615	-0.2061
0.1303	21.6636	-0.2003
0.1303	21.6819	-0.1369
0.1303	21.6692	-0.1483
0.1304	21.6679	-0.2292
0.1304	21.6685	-0.1945
0.1304	21.6661	-0.1830
0.1305	21.6643	-0.2118
0.1305	21.6646	-0.2176
0.1305	21.6713	-0.1773
0.1306	21.6743	-0.1310
0.1306	21.6635	-0.2234
0.1306	21.6815	-0.1079
0.1307	21.6662	-0.1656
0.1307	21.6719	-0.1541
0.1307	21.6752	-0.1137
0.1307	21.6754	-0.1194
0.1308	21.6651	-0.1714
0.1310	21.6684	-0.1599
0.1327	21.6442	-0.2232
0.1328	21.6597	-0.1541
0.1331	21.6569	-0.1656
0.1332	21.6660	-0.1194
0.1332	21.6449	-0.2347
0.1332	21.6655	-0.1137
0.1332	21.6665	-0.1252
0.1332	21.6761	-0.1310
0.1334	21.6564	-0.1829
0.1334	21.6513	-0.2290
0.1334	21.6518	-0.2060
0.1334	21.6520	-0.2002
0.1334	21.6522	-0.1887
0.1334	21.6698	-0.1368
0.1335	21.6735	-0.1079
0.1335	21.6579	-0.1598
0.1335	21.6645	-0.1425
0.1336	21.6572	-0.1714
0.1337	21.6457	-0.2117
0.1337	21.6527	-0.1944
0.1337	21.6443	-0.2174
0.1338	21.6556	-0.1771
0.1338	21.6533	-0.1482
0.1348	21.6366	-0.2318
0.1352	21.6428	-0.2261
0.1353	21.6475	-0.2088
0.1357	21.6638	-0.1020
0.1358	21.6459	-0.1771
0.1360	21.6402	-0.2173
0.1360	21.6503	-0.1540
0.1360	21.6498	-0.1598
0.1360	21.6570	-0.1425
0.1361	21.6425	-0.1886
0.1361	21.6309	-0.2346
0.1361	21.6655	-0.1137
0.1361	21.6520	-0.1482
0.1361	21.6445	-0.1713
0.1362	21.6484	-0.1655
0.1362	21.6448	-0.1828
0.1363	21.6531	-0.1193
0.1363	21.6337	-0.2288
0.1363	21.6392	-0.2116
0.1363	21.6354	-0.1942
0.1364	21.6377	-0.2058
0.1364	21.6594	-0.1309
0.1364	21.6604	-0.1252
0.1366	21.6463	-0.2001
0.1366	21.6630	-0.1078
0.1366	21.6375	-0.2231
0.1366	21.6551	-0.1367
0.1376	21.6330	-0.2087
0.1376	21.6304	-0.2260
0.1377	21.6276	-0.2202
0.1378	21.6334	-0.2144
0.1379	21.6338	-0.2318
0.1379	21.6388	-0.1914
0.1381	21.6470	-0.1510
0.1381	21.6354	-0.1972
0.1383	21.6356	-0.1885
0.1384	21.6401	-0.1770
0.1385	21.6291	-0.1942
0.1385	21.6202	-0.2344
0.1385	21.6510	-0.1482
0.1385	21.6444	-0.1424
0.1386	21.6307	-0.2288
0.1386	21.6240	-0.2115
0.1387	21.6359	-0.2058
0.1387	21.6304	-0.2172
0.1387	21.6446	-0.1020
0.1387	21.6465	-0.1078
0.1388	21.6440	-0.1366
0.1388	21.6457	-0.1308
0.1389	21.6236	-0.1999
0.1391	21.6282	-0.2230
0.1391	21.6442	-0.1597
0.1392	21.6375	-0.1712
0.1393	21.6451	-0.1193
0.1393	21.6295	-0.1827
0.1393	21.6314	-0.1539
0.1394	21.6381	-0.1654
0.1394	21.6397	-0.1135
0.1395	21.6434	-0.1251
0.1400	21.6223	-0.2316
0.1402	21.6280	-0.2028
0.1403	21.6303	-0.1567
0.1405	21.6247	-0.1971
0.1405	21.6344	-0.1279
0.1405	21.6349	-0.1510
0.1405	21.6224	-0.2259
0.1405	21.6258	-0.1856
0.1406	21.6218	-0.2201
0.1406	21.6163	-0.2085
0.1407	21.6230	-0.2143
0.1408	21.6311	-0.1337
0.1408	21.6364	-0.1452
0.1409	21.6354	-0.1394
0.1409	21.6347	-0.1106
0.1411	21.6299	-0.1913
0.1413	21.6270	-0.1538
0.1413	21.6302	-0.1596
0.1415	21.6158	-0.2229
0.1415	21.6359	-0.1135
0.1416	21.6217	-0.1307
0.1416	21.6342	-0.1077
0.1416	21.6383	-0.1251
0.1416	21.6236	-0.1826
0.1417	21.6104	-0.2343
0.1417	21.6168	-0.2287
0.1417	21.6198	-0.2056
0.1417	21.6201	-0.1999
0.1417	21.6223	-0.1941
0.1417	21.6278	-0.1365
0.1418	21.6276	-0.1711
0.1418	21.6186	-0.1884
0.1419	21.6219	-0.1769
0.1419	21.6286	-0.2115
0.1419	21.6271	-0.1653
0.1419	21.6337	-0.1423
0.1420	21.6286	-0.1192
0.1420	21.6188	-0.2171
0.1421	21.6212	-0.1480
0.1424	21.6301	-0.1019
0.1429	21.6232	-0.1394
0.1429	21.6131	-0.2027
0.1430	21.6199	-0.1566
0.1430	21.6172	-0.2200
0.1431	21.6173	-0.1912
0.1431	21.6283	-0.1509
0.1432	21.6144	-0.2084
0.1432	21.6149	-0.1970
0.1432	21.6116	-0.1797
0.1432	21.6187	-0.1739
0.1432	21.6330	-0.1163
0.1432	21.6178	-0.1681
0.1433	21.6263	-0.1105
0.1433	21.6247	-0.1624
0.1433	21.6145	-0.2142
0.1433	21.6098	-0.2315
0.1433	21.6112	-0.2258
0.1435	21.6211	-0.1336
0.1435	21.6272	-0.1279
0.1437	21.6193	-0.1855
0.1437	21.6264	-0.1221
0.1437	21.6287	-0.1451
0.1441	21.6109	-0.1768
0.1441	21.6269	-0.1018
0.1442	21.6128	-0.1480
0.1442	21.6130	-0.2055
0.1442	21.6076	-0.1998
0.1442	21.6161	-0.1538
0.1443	21.6111	-0.2286
0.1443	21.6122	-0.1883
0.1443	21.6106	-0.1940
0.1444	21.5981	-0.2342
0.1444	21.6224	-0.1134
0.1444	21.6179	-0.1365
0.1445	21.6141	-0.1595
0.1445	21.6101	-0.1652
0.1445	21.6121	-0.1710
0.1445	21.6153	-0.1422
0.1445	21.6108	-0.1825
0.1446	21.6021	-0.2227
0.1446	21.6226	-0.1192
0.1446	21.6207	-0.1307
0.1446	21.6209	-0.1250
0.1447	21.6171	-0.2114
0.1448	21.6004	-0.2169
0.1448	21.6217	-0.1076
0.1454	21.6160	-0.1278
0.1455	21.6060	-0.2084
0.1455	21.6084	-0.1565
0.1456	21.6143	-0.1393
0.1456	21.6105	-0.1162
0.1456	21.6132	-0.1508
0.1457	21.6051	-0.2026
0.1457	21.5964	-0.2256
0.1458	21.6089	-0.1969
0.1458	21.6232	-0.1451
0.1458	21.6183	-0.1336
0.1459	21.6174	-0.1105
0.1459	21.6053	-0.1738
0.1460	21.6032	-0.1680
0.1460	21.5906	-0.2313
0.1461	21.6111	-0.1854
0.1461	21.6087	-0.1796
0.1462	21.6078	-0.1911
0.1462	21.6134	-0.1220
0.1462	21.6052	-0.1623
0.1463	21.5978	-0.2141
0.1463	21.5997	-0.2199
0.1469	21.6093	-0.1306
0.1469	21.6065	-0.1421
0.1470	21.5973	-0.1939
0.1470	21.5976	-0.1997
0.1470	21.6147	-0.1480
0.1470	21.5897	-0.2284
0.1470	21.5921	-0.2112
0.1470	21.5886	-0.2341
0.1471	21.5918	-0.2226
0.1472	21.6103	-0.2055
0.1472	21.6059	-0.1883
0.1472	21.6066	-0.1710
0.1472	21.6090	-0.1768
0.1472	21.6094	-0.1191
0.1472	21.6120	-0.1018
0.1472	21.6029	-0.1652
0.1472	21.5985	-0.1824
0.1472	21.6083	-0.1364
0.1475	21.6062	-0.1537
0.1478	21.6100	-0.1249
0.1478	21.5903	-0.1593
0.1478	21.6065	-0.1134
0.1478	21.6170	-0.1076
0.1481	21.5915	-0.1795
0.1484	21.5802	-0.2312
0.1484	21.5865	-0.1967
0.1485	21.5946	-0.1853
0.1485	21.5814	-0.2167
0.1485	21.6033	-0.1277
0.1486	21.5842	-0.2197
0.1487	21.5953	-0.1680
0.1488	21.5786	-0.2254
0.1488	21.6030	-0.1507
0.1488	21.6131	-0.1105
0.1489	21.5875	-0.2025
0.1489	21.6049	-0.1219
0.1489	21.5908	-0.1737
0.1489	21.5767	-0.2139
0.1489	21.5870	-0.2082
0.1489	21.5986	-0.1622
0.1489	21.6139	-0.1162
0.1490	21.5956	-0.1565
0.1491	21.6017	-0.1335
0.1491	21.5988	-0.1450
0.1492	21.5910	-0.1910
0.1493	21.6036	-0.1392
0.1494	21.5801	-0.2225
0.1496	21.5911	-0.1593
0.1496	21.5907	-0.1823
0.1497	21.5920	-0.1651
0.1498	21.6011	-0.1133
0.1499	21.5998	-0.1306
0.1499	21.6044	-0.1075
0.1500	21.5843	-0.1708
0.1500	21.5681	-0.2339
0.1500	21.5976	-0.1248
0.1501	21.5841	-0.2053
0.1501	21.5848	-0.1938
0.1501	21.5893	-0.1420
0.1501	21.5810	-0.2111
0.1502	21.5968	-0.1190
0.1503	21.5927	-0.1363
0.1503	21.5852	-0.1881
0.1503	21.5770	-0.2283
0.1504	21.5839	-0.1995
0.1504	21.5949	-0.1536
0.1505	21.6001	-0.1017
0.1505	21.5867	-0.1478
0.1506	21.5894	-0.1766
0.1509	21.5687	-0.2166
0.1511	21.5757	-0.1966
0.1512	21.5681	-0.2195
0.1512	21.5683	-0.2138
0.1513	21.5892	-0.1679
0.1513	21.5801	-0.1852
0.1514	21.5601	-0.2080
0.1514	21.5763	-0.1736
0.1514	21.5910	-0.1622
0.1515	21.5999	-0.1219
0.1515	21.5802	-0.1909
0.1516	21.5627	-0.2310
0.1517	21.5835	-0.2024
0.1517	21.5626	-0.2253
0.1517	21.5892	-0.1391
0.1517	21.5792	-0.1276
0.1517	21.6040	-0.1104
0.1518	21.5862	-0.1506
0.1518	21.5767	-0.1794
0.1518	21.5832	-0.1564
0.1519	21.5870	-0.1449
0.1521	21.5839	-0.1334
0.1521	21.5987	-0.1162
0.1525	21.5977	-0.1017
0.1525	21.5572	-0.2280
0.1526	21.5722	-0.1765
0.1527	21.5830	-0.1132
0.1528	21.5777	-0.1592
0.1528	21.5593	-0.2223
0.1528	21.5688	-0.1821
0.1528	21.5558	-0.2337
0.1528	21.5754	-0.1419
0.1529	21.5818	-0.1938
0.1529	21.5779	-0.1650
0.1529	21.5863	-0.1248
0.1530	21.5619	-0.1993
0.1530	21.5901	-0.1075
0.1531	21.5849	-0.1363
0.1531	21.5704	-0.1880
0.1532	21.5788	-0.1535
0.1532	21.5624	-0.2109
0.1532	21.5863	-0.1478
0.1533	21.5538	-0.2165
0.1533	21.5641	-0.2051
0.1534	21.5696	-0.1707
0.1534	21.5853	-0.1189
0.1537	21.5825	-0.1305
0.1539	21.5565	-0.2080
0.1540	21.5733	-0.1563
0.1540	21.5526	-0.2251
0.1541	21.5552	-0.2021
0.1541	21.5818	-0.1334
0.1541	21.5496	-0.2309
0.1541	21.5788	-0.1448
0.1542	21.5792	-0.1218
0.1543	21.5712	-0.1678
0.1543	21.5768	-0.1391
0.1543	21.5676	-0.1851
0.1543	21.5699	-0.1505
0.1543	21.5605	-0.1735
0.1544	21.5583	-0.1792
0.1544	21.5702	-0.1620
0.1544	21.5764	-0.1276
0.1544	21.5802	-0.1161
0.1545	21.5546	-0.2137
0.1545	21.5567	-0.1964
0.1545	21.5887	-0.1104
0.1545	21.5521	-0.2194
0.1546	21.5639	-0.1907
0.1551	21.5560	-0.2050
0.1551	21.5410	-0.2106
0.1551	21.5508	-0.2164
0.1552	21.5515	-0.1992
0.1552	21.5532	-0.1935
0.1552	21.5742	-0.1304
0.1552	21.5517	-0.1878
0.1552	21.5674	-0.1476
0.1553	21.5707	-0.1419
0.1553	21.5615	-0.1821
0.1553	21.5422	-0.2279
0.1554	21.5498	-0.2337
0.1555	21.5615	-0.1764
0.1555	21.5859	-0.1017
0.1555	21.5723	-0.1362
0.1556	21.5658	-0.1534
0.1556	21.5619	-0.1706
0.1557	21.5503	-0.2222
0.1558	21.5604	-0.1648
0.1558	21.5768	-0.1247
0.1559	21.5796	-0.1075
0.1561	21.5707	-0.1592
0.1562	21.5821	-0.1132
0.1564	21.5407	-0.2308
0.1566	21.5432	-0.1905
0.1568	21.5601	-0.1504
0.1569	21.5681	-0.1189
0.1569	21.5389	-0.2193
0.1569	21.5465	-0.1848
0.1570	21.5452	-0.1791
0.1570	21.5710	-0.1160
0.1571	21.5388	-0.2250
0.1571	21.5721	-0.1275
0.1571	21.5561	-0.1676
0.1571	21.5437	-0.1963
0.1571	21.5689	-0.1217
0.1572	21.5427	-0.2020
0.1572	21.5447	-0.1733
0.1573	21.5375	-0.2078
0.1573	21.5711	-0.1103
0.1573	21.5535	-0.1562
0.1573	21.5505	-0.1619
0.1574	21.5554	-0.1389
0.1575	21.5703	-0.1333
0.1575	21.5575	-0.1447
0.1582	21.5692	-0.1132
0.1582	21.5426	-0.1934
0.1582	21.5400	-0.1819
0.1582	21.5515	-0.1533
0.1583	21.5375	-0.2221
0.1583	21.5538	-0.1246
0.1583	21.5563	-0.1303
0.1583	21.5383	-0.2106
0.1584	21.5630	-0.1073
0.1584	21.5426	-0.1762
0.1585	21.5360	-0.2278
0.1585	21.5417	-0.1647
0.1585	21.5375	-0.2336
0.1585	21.5425	-0.1877
0.1585	21.5520	-0.1475
0.1585	21.5473	-0.1705
0.1585	21.5392	-0.1991
0.1585	21.5569	-0.1591
0.1586	21.5562	-0.1361
0.1586	21.5606	-0.1188
0.1588	21.5705	-0.1016
0.1589	21.5501	-0.1418
0.1591	21.5361	-0.1732
0.1595	21.5392	-0.1675
0.1597	21.5578	-0.1102
0.1598	21.5427	-0.1388
0.1598	21.5370	-0.1790
0.1598	21.5405	-0.1618
0.1599	21.5387	-0.1560
0.1600	21.5365	-0.1446
0.1601	21.5443	-0.1331
0.1601	21.5472	-0.1274
0.1603	21.5474	-0.1216
0.1603	21.5470	-0.1159
0.1607	21.5516	-0.1015
0.1609	21.5417	-0.1475
0.1610	21.5375	-0.2048
0.1611	21.5447	-0.1417
0.1611	21.5447	-0.1130
0.1613	21.5411	-0.1245
0.1613	21.5447	-0.1302
0.1613	21.5417	-0.1187
0.1614	21.5468	-0.1073
0.1627	21.5371	-0.1158
0.1627	21.5379	-0.1101
