Положение X	Положение Y	Положение Z
-0.0562	21.6324	-0.2321
-0.0559	21.6322	-0.2104
-0.0553	21.6309	-0.2213
-0.0552	21.6361	-0.1888
-0.0552	21.6291	-0.2428
-0.0545	21.6288	-0.1780
-0.0538	21.6310	-0.1996
-0.0513	21.6286	-0.2158
-0.0509	21.6288	-0.2050
-0.0506	21.6287	-0.1941
-0.0498	21.6299	-0.2321
-0.0497	21.6271	-0.1779
-0.0494	21.6304	-0.2104
-0.0493	21.6305	-0.2213
-0.0486	21.6283	-0.2428
-0.0484	21.6288	-0.1996
-0.0483	21.6293	-0.1888
-0.0464	21.6296	-0.2159
-0.0463	21.6278	-0.1780
-0.0460	21.6275	-0.1941
-0.0455	21.6273	-0.2320
-0.0454	21.6275	-0.2266
-0.0453	21.6287	-0.2212
-0.0448	21.6263	-0.2050
-0.0443	21.6278	-0.1888
-0.0440	21.6269	-0.2103
-0.0437	21.6278	-0.2428
-0.0437	21.6276	-0.1996
-0.0422	21.6253	-0.2158
-0.0414	21.6251	-0.1941
-0.0413	21.6251	-0.2266
-0.0411	21.6252	-0.2050
-0.0397	21.6244	-0.2374
-0.0396	21.6260	-0.2104
-0.0390	21.6263	-0.1995
-0.0390	21.6256	-0.1887
-0.0390	21.6243	-0.2427
-0.0388	21.6263	-0.2320
-0.0386	21.6238	-0.1671
-0.0380	21.6261	-0.2212
-0.0380	21.6254	-0.1779
-0.0368	21.6258	-0.2266
-0.0368	21.6241	-0.1941
-0.0362	21.6230	-0.2050
-0.0353	21.6239	-0.2374
-0.0352	21.6244	-0.2158
-0.0346	21.6244	-0.2320
-0.0336	21.6215	-0.1671
-0.0329	21.6213	-0.2211
-0.0327	21.6215	-0.1779
-0.0325	21.6234	-0.1888
-0.0324	21.6245	-0.2427
-0.0321	21.6231	-0.1995
-0.0320	21.6234	-0.2103
-0.0313	21.6216	-0.1941
-0.0310	21.6231	-0.2158
-0.0306	21.6213	-0.2374
-0.0298	21.6208	-0.1833
-0.0296	21.6220	-0.1995
-0.0294	21.6206	-0.1779
-0.0294	21.6179	-0.1725
-0.0292	21.6209	-0.2211
-0.0291	21.6213	-0.1887
-0.0290	21.6207	-0.2049
-0.0288	21.6190	-0.1617
-0.0287	21.6204	-0.2265
-0.0269	21.6196	-0.2103
-0.0268	21.6207	-0.2427
-0.0264	21.6194	-0.1671
-0.0263	21.6209	-0.2319
-0.0260	21.6200	-0.2158
-0.0250	21.6201	-0.2265
-0.0246	21.6189	-0.2049
-0.0245	21.6196	-0.1833
-0.0243	21.6186	-0.1617
-0.0242	21.6171	-0.1725
-0.0237	21.6183	-0.2373
-0.0235	21.6179	-0.1941
-0.0233	21.6205	-0.2103
-0.0231	21.6173	-0.1670
-0.0228	21.6202	-0.2427
-0.0224	21.6191	-0.2211
-0.0224	21.6177	-0.1779
-0.0220	21.6189	-0.1995
-0.0219	21.6177	-0.1887
-0.0213	21.6184	-0.2319
-0.0206	21.6170	-0.1725
-0.0204	21.6175	-0.2049
-0.0200	21.6166	-0.1617
-0.0199	21.6174	-0.1941
-0.0197	21.6185	-0.2265
-0.0191	21.6178	-0.2373
-0.0189	21.6170	-0.2157
-0.0184	21.6182	-0.2319
-0.0177	21.6171	-0.1833
-0.0174	21.6168	-0.1670
-0.0173	21.6155	-0.1562
-0.0170	21.6161	-0.2211
-0.0169	21.6155	-0.1779
-0.0166	21.6182	-0.2103
-0.0162	21.6155	-0.2426
-0.0159	21.6166	-0.1995
-0.0159	21.6156	-0.1887
-0.0156	21.6167	-0.1941
-0.0153	21.6144	-0.2373
-0.0148	21.6155	-0.1833
-0.0147	21.6166	-0.2157
-0.0132	21.6161	-0.1779
-0.0129	21.6158	-0.2211
-0.0128	21.6166	-0.1617
-0.0128	21.6144	-0.1724
-0.0128	21.6146	-0.2049
-0.0126	21.6164	-0.2265
-0.0122	21.6162	-0.1887
-0.0120	21.6162	-0.1562
-0.0119	21.6171	-0.2319
-0.0113	21.6172	-0.1995
-0.0113	21.6141	-0.2426
-0.0110	21.6140	-0.2103
-0.0105	21.6130	-0.1670
-0.0094	21.6142	-0.2157
-0.0088	21.6144	-0.2265
-0.0087	21.6155	-0.2049
-0.0087	21.6139	-0.1616
-0.0084	21.6128	-0.1724
-0.0081	21.6126	-0.1833
-0.0074	21.6116	-0.1940
-0.0073	21.6144	-0.2319
-0.0073	21.6153	-0.2373
-0.0066	21.6109	-0.1886
-0.0066	21.6143	-0.1994
-0.0066	21.6138	-0.2426
-0.0066	21.6108	-0.1562
-0.0065	21.6130	-0.1670
-0.0063	21.6135	-0.2103
-0.0056	21.6140	-0.2211
-0.0052	21.6131	-0.1778
-0.0035	21.6133	-0.2049
-0.0033	21.6106	-0.1940
-0.0030	21.6120	-0.2373
-0.0030	21.6105	-0.1832
-0.0028	21.6122	-0.2157
-0.0028	21.6123	-0.1616
-0.0028	21.6110	-0.2264
-0.0028	21.6102	-0.1724
-0.0014	21.6136	-0.2103
-0.0014	21.6111	-0.1562
-0.0013	21.6113	-0.1670
-0.0012	21.6132	-0.2427
-0.0012	21.6126	-0.2318
-0.0009	21.6093	-0.1886
-0.0005	21.6112	-0.2210
0.0001	21.6100	-0.1778
0.0004	21.6110	-0.1994
0.0009	21.6097	-0.2372
0.0013	21.6143	-0.1833
0.0018	21.6102	-0.2264
0.0024	21.6077	-0.1724
0.0024	21.6100	-0.1616
0.0024	21.6102	-0.2157
0.0027	21.6089	-0.1940
0.0033	21.6096	-0.2048
0.0034	21.6106	-0.2210
0.0035	21.6102	-0.1562
0.0038	21.6101	-0.1886
0.0042	21.6096	-0.2426
0.0046	21.6080	-0.1778
0.0046	21.6110	-0.2102
0.0049	21.6103	-0.2318
0.0052	21.6105	-0.1994
0.0064	21.6096	-0.1670
0.0064	21.6102	-0.1616
0.0067	21.6057	-0.1724
0.0068	21.6091	-0.2264
0.0072	21.6064	-0.1940
0.0072	21.6065	-0.1832
0.0072	21.6083	-0.2048
0.0074	21.6086	-0.2156
0.0088	21.6071	-0.2372
0.0093	21.6103	-0.2102
0.0093	21.6079	-0.1670
0.0096	21.6072	-0.1778
0.0096	21.6080	-0.1994
0.0096	21.6091	-0.2318
0.0105	21.6077	-0.2426
0.0106	21.6078	-0.2210
0.0107	21.6054	-0.1886
0.0109	21.6058	-0.1562
0.0114	21.6089	-0.2048
0.0122	21.6064	-0.1616
0.0122	21.6080	-0.1940
0.0125	21.6067	-0.2372
0.0134	21.6065	-0.2156
0.0135	21.6032	-0.1723
0.0135	21.6071	-0.2264
0.0140	21.6039	-0.1832
0.0149	21.6043	-0.1669
0.0150	21.6075	-0.2210
0.0152	21.6056	-0.1562
0.0153	21.6062	-0.1886
0.0154	21.6034	-0.2425
0.0155	21.6048	-0.1778
0.0157	21.6057	-0.2318
0.0159	21.6044	-0.1993
0.0164	21.6054	-0.2102
0.0165	21.6056	-0.2372
0.0177	21.5971	-0.1831
0.0183	21.6043	-0.2156
0.0184	21.6011	-0.1723
0.0189	21.6022	-0.1939
0.0193	21.6040	-0.1561
0.0193	21.6042	-0.1778
0.0198	21.5977	-0.2209
0.0198	21.6025	-0.1616
0.0198	21.6035	-0.2048
0.0198	21.6051	-0.2318
0.0204	21.6053	-0.2426
0.0205	21.6029	-0.1885
0.0211	21.6053	-0.1994
0.0214	21.6026	-0.1669
0.0223	21.6039	-0.2102
0.0228	21.6009	-0.1832
0.0229	21.6012	-0.1723
0.0229	21.6030	-0.2263
0.0233	21.6014	-0.1939
0.0234	21.6028	-0.1616
0.0239	21.5965	-0.2047
0.0243	21.6002	-0.2156
0.0251	21.6032	-0.2372
0.0254	21.5994	-0.1453
0.0257	21.6012	-0.2317
0.0257	21.6016	-0.1669
0.0258	21.5963	-0.1993
0.0258	21.6025	-0.1885
0.0265	21.6021	-0.2425
0.0265	21.6020	-0.1777
0.0266	21.6021	-0.2102
0.0268	21.6018	-0.2210
0.0274	21.6014	-0.1561
0.0282	21.6019	-0.2048
0.0282	21.5996	-0.1615
0.0286	21.6004	-0.1939
0.0291	21.6007	-0.2371
0.0296	21.5999	-0.2263
0.0296	21.5997	-0.1723
0.0301	21.5992	-0.2155
0.0301	21.6012	-0.2101
0.0307	21.5986	-0.1831
0.0309	21.5996	-0.2425
0.0314	21.5981	-0.1561
0.0315	21.5987	-0.1993
0.0316	21.5992	-0.1885
0.0316	21.5997	-0.2210
0.0316	21.6000	-0.1453
0.0317	21.5995	-0.1777
0.0319	21.5999	-0.2317
0.0329	21.5992	-0.1669
0.0330	21.5988	-0.2371
0.0332	21.5979	-0.1939
0.0341	21.5985	-0.1831
0.0342	21.5995	-0.2263
0.0342	21.5967	-0.2155
0.0345	21.5954	-0.1723
0.0353	21.5969	-0.1507
0.0354	21.5971	-0.1561
0.0354	21.5973	-0.1777
0.0357	21.5978	-0.2209
0.0357	21.5988	-0.2047
0.0360	21.5972	-0.1615
0.0361	21.5987	-0.1885
0.0362	21.5976	-0.1993
0.0365	21.5986	-0.2317
0.0369	21.5990	-0.1453
0.0381	21.5945	-0.1723
0.0384	21.5962	-0.1669
0.0385	21.5960	-0.2424
0.0388	21.5977	-0.2263
0.0389	21.5995	-0.2101
0.0392	21.5973	-0.1615
0.0394	21.5951	-0.1831
0.0398	21.5966	-0.2047
0.0404	21.5965	-0.2155
0.0409	21.5963	-0.1507
0.0416	21.5969	-0.2371
0.0416	21.5961	-0.1939
0.0420	21.5961	-0.2424
0.0423	21.5949	-0.1453
0.0424	21.5969	-0.2100
0.0425	21.5956	-0.2209
0.0428	21.5939	-0.1777
0.0430	21.5955	-0.1669
0.0435	21.5938	-0.1885
0.0435	21.5960	-0.1507
0.0438	21.5950	-0.2317
0.0438	21.5935	-0.1992
0.0438	21.5937	-0.1561
0.0441	21.5953	-0.1615
0.0447	21.5952	-0.2155
0.0455	21.5936	-0.2371
0.0457	21.5949	-0.1939
0.0458	21.5918	-0.1723
0.0458	21.5948	-0.2263
0.0458	21.5954	-0.2047
0.0464	21.5959	-0.2100
0.0468	21.5941	-0.1993
0.0469	21.5931	-0.1831
0.0470	21.5935	-0.2424
0.0471	21.5937	-0.1885
0.0473	21.5929	-0.1453
0.0473	21.5943	-0.1669
0.0474	21.5934	-0.2209
0.0480	21.5944	-0.2317
0.0481	21.5918	-0.1561
0.0488	21.5923	-0.1777
0.0493	21.5986	-0.2155
0.0497	21.5910	-0.1938
0.0503	21.5937	-0.2263
0.0505	21.5904	-0.1831
0.0510	21.5926	-0.2047
0.0510	21.5913	-0.1723
0.0512	21.5931	-0.2371
0.0516	21.5917	-0.1507
0.0517	21.5921	-0.1561
0.0517	21.5938	-0.2209
0.0521	21.5910	-0.1992
0.0522	21.5902	-0.1884
0.0523	21.5947	-0.1615
0.0525	21.5912	-0.1668
0.0526	21.5911	-0.1777
0.0527	21.5935	-0.2316
0.0531	21.5909	-0.1453
0.0538	21.5919	-0.2424
0.0540	21.5921	-0.2100
0.0550	21.5895	-0.1722
0.0550	21.5917	-0.2155
0.0552	21.5910	-0.2262
0.0554	21.5894	-0.1831
0.0555	21.5925	-0.2047
0.0556	21.5902	-0.1614
0.0557	21.5925	-0.2371
0.0557	21.5899	-0.1506
0.0573	21.5883	-0.1398
0.0574	21.5897	-0.1453
0.0575	21.5900	-0.1668
0.0580	21.5926	-0.2100
0.0580	21.5871	-0.1938
0.0581	21.5884	-0.1776
0.0587	21.5907	-0.2208
0.0587	21.5923	-0.2316
0.0591	21.5896	-0.1560
0.0593	21.5918	-0.2424
0.0596	21.5875	-0.1884
0.0597	21.5888	-0.1992
0.0607	21.5891	-0.2370
0.0613	21.5882	-0.1938
0.0619	21.5875	-0.1722
0.0619	21.5881	-0.2262
0.0619	21.5891	-0.1506
0.0620	21.5892	-0.1615
0.0623	21.5875	-0.1398
0.0626	21.5890	-0.2155
0.0627	21.5865	-0.1452
0.0628	21.5912	-0.2100
0.0634	21.5875	-0.1830
0.0637	21.5852	-0.1992
0.0637	21.5879	-0.1884
0.0644	21.5875	-0.1776
0.0646	21.5877	-0.1668
0.0647	21.5886	-0.1560
0.0668	21.5861	-0.1506
0.0675	21.5886	-0.1615
0.0675	21.5878	-0.1398
