Положение X	Положение Y	Положение Z
-0.2597	21.6611	-0.2120
-0.2566	21.6602	-0.2186
-0.2565	21.6609	-0.1986
-0.2564	21.6628	-0.1519
-0.2564	21.6570	-0.1919
-0.2563	21.6587	-0.2053
-0.2562	21.6598	-0.1786
-0.2562	21.6625	-0.1853
-0.2561	21.6568	-0.2119
-0.2561	21.6644	-0.1587
-0.2561	21.6625	-0.1653
-0.2557	21.6604	-0.1719
-0.2536	21.6585	-0.1519
-0.2535	21.6629	-0.1187
-0.2534	21.6564	-0.1719
-0.2534	21.6534	-0.1919
-0.2531	21.6550	-0.1653
-0.2531	21.6541	-0.1985
-0.2531	21.6540	-0.1853
-0.2530	21.6559	-0.1786
-0.2530	21.6533	-0.2052
-0.2529	21.6556	-0.1586
-0.2528	21.6506	-0.2185
-0.2528	21.6585	-0.1453
-0.2527	21.6588	-0.1253
-0.2527	21.6587	-0.1319
-0.2526	21.6511	-0.2119
-0.2525	21.6573	-0.1386
-0.2523	21.6570	-0.1120
-0.2511	21.6508	-0.1819
-0.2509	21.6503	-0.2018
-0.2502	21.6486	-0.2118
-0.2501	21.6570	-0.1253
-0.2501	21.6462	-0.2184
-0.2499	21.6514	-0.1652
-0.2499	21.6509	-0.1719
-0.2499	21.6521	-0.1586
-0.2499	21.6557	-0.1120
-0.2496	21.6522	-0.1386
-0.2496	21.6546	-0.1319
-0.2495	21.6511	-0.1519
-0.2494	21.6491	-0.1852
-0.2494	21.6540	-0.1186
-0.2494	21.6491	-0.1785
-0.2492	21.6468	-0.2052
-0.2491	21.6467	-0.1985
-0.2491	21.6453	-0.1918
-0.2490	21.6533	-0.1452
-0.2485	21.6517	-0.1685
-0.2483	21.6493	-0.1619
-0.2481	21.6445	-0.1884
-0.2481	21.6488	-0.1752
-0.2480	21.6460	-0.1952
-0.2479	21.6445	-0.2084
-0.2479	21.6447	-0.2018
-0.2477	21.6457	-0.2151
-0.2477	21.6539	-0.1286
-0.2476	21.6495	-0.1419
-0.2476	21.6518	-0.1219
-0.2476	21.6506	-0.1486
-0.2476	21.6485	-0.1552
-0.2476	21.6453	-0.1818
-0.2468	21.6506	-0.1319
-0.2467	21.6510	-0.1119
-0.2466	21.6444	-0.1984
-0.2466	21.6480	-0.2118
-0.2466	21.6497	-0.1452
-0.2464	21.6392	-0.2184
-0.2463	21.6490	-0.1253
-0.2463	21.6482	-0.1385
-0.2463	21.6447	-0.1518
-0.2462	21.6437	-0.1785
-0.2461	21.6431	-0.2051
-0.2461	21.6431	-0.1918
-0.2460	21.6457	-0.1585
-0.2459	21.6458	-0.1852
-0.2457	21.6487	-0.1186
-0.2456	21.6426	-0.1652
-0.2456	21.6416	-0.1718
-0.2454	21.6443	-0.1684
-0.2452	21.6438	-0.1818
-0.2451	21.6457	-0.1219
-0.2451	21.6453	-0.1418
-0.2449	21.6420	-0.1618
-0.2448	21.6393	-0.2151
-0.2448	21.6451	-0.1285
-0.2447	21.6439	-0.1551
-0.2447	21.6407	-0.1951
-0.2446	21.6451	-0.1352
-0.2446	21.6390	-0.2084
-0.2444	21.6395	-0.1751
-0.2444	21.6380	-0.1884
-0.2442	21.6453	-0.1485
-0.2439	21.6390	-0.2017
-0.2436	21.6384	-0.1851
-0.2435	21.6403	-0.1518
-0.2433	21.6364	-0.1917
-0.2433	21.6454	-0.1186
-0.2432	21.6418	-0.1385
-0.2432	21.6350	-0.1984
-0.2431	21.6391	-0.1718
-0.2430	21.6428	-0.1452
-0.2428	21.6428	-0.1318
-0.2428	21.6367	-0.2051
-0.2428	21.6388	-0.1785
-0.2428	21.6423	-0.1585
-0.2428	21.6414	-0.1652
-0.2426	21.6437	-0.1252
-0.2425	21.6362	-0.2183
-0.2424	21.6419	-0.1118
-0.2424	21.6354	-0.2117
-0.2417	21.6381	-0.1684
-0.2417	21.6410	-0.1418
-0.2417	21.6342	-0.1950
-0.2416	21.6326	-0.2150
-0.2416	21.6377	-0.2017
-0.2416	21.6340	-0.2083
-0.2415	21.6371	-0.1485
-0.2415	21.6370	-0.1551
-0.2415	21.6351	-0.1617
-0.2413	21.6403	-0.1351
-0.2412	21.6332	-0.1751
-0.2411	21.6344	-0.1817
-0.2410	21.6458	-0.1218
-0.2409	21.6329	-0.1883
-0.2406	21.6410	-0.1285
-0.2401	21.6378	-0.1385
-0.2399	21.6341	-0.1717
-0.2399	21.6295	-0.2117
-0.2398	21.6342	-0.1651
-0.2397	21.6342	-0.1584
-0.2396	21.6396	-0.1185
-0.2395	21.6277	-0.2183
-0.2395	21.6335	-0.1784
-0.2394	21.6378	-0.1119
-0.2394	21.6360	-0.1318
-0.2393	21.6336	-0.1851
-0.2393	21.6312	-0.2050
-0.2392	21.6309	-0.1517
-0.2392	21.6285	-0.1917
-0.2392	21.6351	-0.1451
-0.2388	21.6282	-0.1983
-0.2388	21.6357	-0.1252
-0.2387	21.6327	-0.1484
-0.2386	21.6291	-0.1950
-0.2384	21.6314	-0.1751
-0.2384	21.6314	-0.1551
-0.2380	21.6294	-0.2016
-0.2378	21.6326	-0.1285
-0.2378	21.6334	-0.1218
-0.2378	21.6271	-0.2083
-0.2377	21.6284	-0.1817
-0.2377	21.6264	-0.1883
-0.2376	21.6333	-0.1417
-0.2376	21.6341	-0.1351
-0.2374	21.6246	-0.2149
-0.2374	21.6294	-0.1684
-0.2372	21.6318	-0.1617
-0.2367	21.6355	-0.1119
-0.2366	21.6325	-0.1252
-0.2365	21.6252	-0.2050
-0.2364	21.6235	-0.1982
-0.2364	21.6231	-0.2116
-0.2364	21.6268	-0.1916
-0.2363	21.6318	-0.1317
-0.2362	21.6299	-0.1451
-0.2362	21.6252	-0.2182
-0.2361	21.6285	-0.1650
-0.2361	21.6276	-0.1517
-0.2360	21.6247	-0.1783
-0.2359	21.6295	-0.1584
-0.2359	21.6334	-0.1185
-0.2358	21.6254	-0.1850
-0.2357	21.6300	-0.1218
-0.2355	21.6291	-0.1384
-0.2354	21.6253	-0.1717
-0.2353	21.6235	-0.1883
-0.2352	21.6260	-0.1817
-0.2352	21.6312	-0.1351
-0.2352	21.6298	-0.1417
-0.2351	21.6287	-0.1484
-0.2351	21.6262	-0.1750
-0.2349	21.6291	-0.1284
-0.2346	21.6230	-0.1949
-0.2346	21.6270	-0.1550
-0.2346	21.6220	-0.2149
-0.2345	21.6240	-0.1617
-0.2344	21.6251	-0.2016
-0.2344	21.6242	-0.1683
-0.2343	21.6193	-0.2082
-0.2341	21.6229	-0.1850
-0.2334	21.6228	-0.1916
-0.2334	21.6273	-0.1185
-0.2332	21.6210	-0.1716
-0.2331	21.6201	-0.1982
-0.2330	21.6239	-0.1517
-0.2330	21.6257	-0.1650
-0.2330	21.6258	-0.1251
-0.2329	21.6209	-0.1583
-0.2329	21.6227	-0.1384
-0.2328	21.6218	-0.1783
-0.2327	21.6190	-0.2049
-0.2325	21.6230	-0.1317
-0.2324	21.6238	-0.1450
-0.2323	21.6164	-0.2115
-0.2322	21.6149	-0.2181
-0.2322	21.6247	-0.1117
-0.2320	21.6259	-0.1350
-0.2316	21.6231	-0.1683
-0.2316	21.6216	-0.1616
-0.2315	21.6162	-0.2149
-0.2315	21.6179	-0.2015
-0.2314	21.6168	-0.1949
-0.2314	21.6225	-0.1417
-0.2313	21.6161	-0.2082
-0.2313	21.6214	-0.1550
-0.2310	21.6218	-0.1484
-0.2309	21.6169	-0.1750
-0.2309	21.6230	-0.1218
-0.2308	21.6182	-0.1816
-0.2307	21.6166	-0.1882
-0.2304	21.6202	-0.1384
-0.2304	21.6208	-0.1284
-0.2298	21.6186	-0.1650
-0.2297	21.6165	-0.1716
-0.2297	21.6233	-0.1117
-0.2297	21.6197	-0.1583
-0.2297	21.6206	-0.1450
-0.2295	21.6194	-0.1317
-0.2294	21.6155	-0.1783
-0.2294	21.6119	-0.2181
-0.2293	21.6143	-0.2048
-0.2293	21.6170	-0.1516
-0.2293	21.6121	-0.2114
-0.2291	21.6143	-0.1915
-0.2291	21.6227	-0.1184
-0.2290	21.6156	-0.1849
-0.2290	21.6144	-0.1982
-0.2288	21.6189	-0.1251
-0.2283	21.6112	-0.1948
-0.2283	21.6171	-0.1483
-0.2282	21.6133	-0.1749
-0.2281	21.6151	-0.1549
-0.2280	21.6165	-0.1284
-0.2279	21.6184	-0.1217
-0.2279	21.6127	-0.2015
-0.2277	21.6101	-0.2081
-0.2277	21.6160	-0.1616
-0.2277	21.6184	-0.1682
-0.2277	21.6072	-0.2147
-0.2277	21.6130	-0.1815
-0.2277	21.6164	-0.1416
-0.2275	21.6116	-0.1882
-0.2274	21.6158	-0.1350
-0.2266	21.6185	-0.1184
-0.2266	21.6153	-0.1316
-0.2266	21.6137	-0.1450
-0.2265	21.6155	-0.1117
-0.2263	21.6096	-0.2115
-0.2262	21.6134	-0.1250
-0.2262	21.6093	-0.1981
-0.2262	21.6055	-0.2180
-0.2260	21.6143	-0.1516
-0.2260	21.6097	-0.1782
-0.2259	21.6134	-0.1583
-0.2259	21.6015	-0.2047
-0.2259	21.6080	-0.1849
-0.2255	21.6075	-0.1915
-0.2255	21.6124	-0.1716
-0.2255	21.6165	-0.1217
-0.2254	21.6093	-0.1649
-0.2254	21.6116	-0.1383
-0.2253	21.6092	-0.1749
-0.2250	21.6116	-0.1483
-0.2250	21.6066	-0.1948
-0.2249	21.6081	-0.1549
-0.2249	21.6118	-0.1284
-0.2247	21.6079	-0.1881
-0.2247	21.6063	-0.1815
-0.2246	21.6132	-0.1350
-0.2246	21.6056	-0.2014
-0.2245	21.6131	-0.1416
-0.2245	21.6055	-0.2081
-0.2245	21.6081	-0.1682
-0.2244	21.6035	-0.2147
-0.2243	21.6071	-0.1615
-0.2233	21.6087	-0.1516
-0.2231	21.6024	-0.1914
-0.2231	21.6043	-0.1981
-0.2231	21.6139	-0.1184
-0.2231	21.6108	-0.1250
-0.2229	21.6046	-0.1848
-0.2228	21.6056	-0.1715
-0.2228	21.6011	-0.1582
-0.2227	21.6028	-0.2047
-0.2227	21.6065	-0.1383
-0.2227	21.6039	-0.1782
-0.2224	21.6006	-0.2180
-0.2223	21.6095	-0.1316
-0.2223	21.6062	-0.1649
-0.2223	21.5952	-0.2113
-0.2222	21.6079	-0.1117
-0.2220	21.6017	-0.2014
-0.2218	21.6009	-0.2147
-0.2217	21.6046	-0.1615
-0.2217	21.6085	-0.1416
-0.2216	21.5980	-0.2080
-0.2215	21.6018	-0.1681
-0.2214	21.6085	-0.1349
-0.2210	21.6072	-0.1283
-0.2210	21.6064	-0.1482
-0.2208	21.6016	-0.1814
-0.2207	21.6034	-0.1748
-0.2207	21.5994	-0.1947
-0.2206	21.6019	-0.1548
-0.2205	21.6063	-0.1217
-0.2204	21.5975	-0.1880
-0.2200	21.6030	-0.1383
-0.2198	21.5954	-0.2112
-0.2198	21.5998	-0.1715
-0.2197	21.6023	-0.1649
-0.2196	21.6046	-0.1117
-0.2196	21.6026	-0.1582
-0.2194	21.5934	-0.2179
-0.2194	21.5983	-0.1781
-0.2194	21.5979	-0.2047
-0.2193	21.6009	-0.1848
-0.2192	21.6006	-0.1316
-0.2191	21.5950	-0.1515
-0.2191	21.5972	-0.1914
-0.2189	21.6027	-0.1183
-0.2188	21.6006	-0.1250
-0.2187	21.5946	-0.1980
-0.2184	21.5936	-0.1880
-0.2182	21.5987	-0.1482
-0.2181	21.6004	-0.1283
-0.2181	21.5964	-0.1814
-0.2179	21.6029	-0.1216
-0.2179	21.5963	-0.1548
-0.2178	21.5931	-0.2013
-0.2178	21.5960	-0.1947
-0.2177	21.5929	-0.2079
-0.2177	21.5949	-0.1614
-0.2176	21.5949	-0.1748
-0.2176	21.5900	-0.2146
-0.2176	21.5964	-0.1681
-0.2175	21.5993	-0.1349
-0.2173	21.6005	-0.1415
-0.2166	21.5965	-0.1781
-0.2166	21.5998	-0.1316
-0.2165	21.6013	-0.1183
-0.2165	21.5906	-0.2046
-0.2165	21.6004	-0.1117
-0.2164	21.5898	-0.2112
-0.2163	21.5979	-0.1250
-0.2162	21.5914	-0.1979
-0.2161	21.5889	-0.2179
-0.2159	21.5951	-0.1515
-0.2158	21.5953	-0.1582
-0.2158	21.5937	-0.1914
-0.2155	21.5899	-0.1847
-0.2154	21.5935	-0.1714
-0.2154	21.5916	-0.1648
-0.2152	21.5972	-0.1382
-0.2152	21.5928	-0.1880
-0.2150	21.5904	-0.1946
-0.2149	21.5884	-0.1813
-0.2149	21.5950	-0.1482
-0.2148	21.5884	-0.2146
-0.2148	21.5966	-0.1216
-0.2146	21.5970	-0.1349
-0.2146	21.5960	-0.1283
-0.2145	21.5915	-0.1747
-0.2144	21.5911	-0.1548
-0.2143	21.5944	-0.1415
-0.2142	21.5933	-0.1614
-0.2142	21.5858	-0.1681
-0.2141	21.5870	-0.2079
-0.2139	21.5868	-0.2013
-0.2135	21.5890	-0.1979
-0.2135	21.5919	-0.1913
-0.2133	21.5944	-0.1183
-0.2131	21.5920	-0.1514
-0.2130	21.5890	-0.1847
-0.2130	21.5898	-0.1714
-0.2129	21.5905	-0.1249
-0.2128	21.5887	-0.1648
-0.2127	21.5864	-0.2178
-0.2127	21.5909	-0.1581
-0.2127	21.5852	-0.2111
-0.2126	21.5928	-0.1315
-0.2125	21.5896	-0.1382
-0.2123	21.5839	-0.2046
-0.2121	21.5923	-0.1116
-0.2121	21.5901	-0.1481
-0.2118	21.5861	-0.1780
-0.2117	21.5925	-0.1348
-0.2115	21.5846	-0.2079
-0.2115	21.5839	-0.2145
-0.2114	21.5826	-0.2012
-0.2114	21.5881	-0.1681
-0.2113	21.5906	-0.1415
-0.2112	21.5895	-0.1282
-0.2111	21.5857	-0.1614
-0.2110	21.5832	-0.1946
-0.2109	21.5859	-0.1747
-0.2109	21.5853	-0.1547
-0.2107	21.5832	-0.1813
-0.2107	21.5903	-0.1216
-0.2106	21.5814	-0.1879
-0.2101	21.5860	-0.1381
-0.2098	21.5835	-0.1647
-0.2098	21.5800	-0.2111
-0.2097	21.5817	-0.1713
-0.2096	21.5860	-0.1315
-0.2095	21.5854	-0.1581
-0.2095	21.5867	-0.1116
-0.2094	21.5809	-0.1912
-0.2093	21.5780	-0.2045
-0.2093	21.5769	-0.2177
-0.2093	21.5808	-0.1846
-0.2091	21.5795	-0.1978
-0.2090	21.5877	-0.1183
-0.2089	21.5810	-0.1779
-0.2087	21.5841	-0.1514
-0.2085	21.5848	-0.1249
-0.2083	21.5857	-0.1282
-0.2080	21.5787	-0.2012
-0.2080	21.5775	-0.1879
-0.2079	21.5822	-0.1547
-0.2078	21.5789	-0.1813
-0.2076	21.5822	-0.1613
-0.2076	21.5834	-0.1481
-0.2076	21.5762	-0.2078
-0.2076	21.5761	-0.2144
-0.2076	21.5786	-0.1746
-0.2076	21.5785	-0.1945
-0.2076	21.5784	-0.1679
-0.2076	21.5810	-0.1414
-0.2074	21.5826	-0.1348
-0.2073	21.5834	-0.1215
-0.2065	21.5810	-0.1514
-0.2065	21.5794	-0.1314
-0.2065	21.5743	-0.1978
-0.2064	21.5821	-0.1116
-0.2062	21.5778	-0.1779
-0.2061	21.5819	-0.1249
-0.2060	21.5782	-0.1713
-0.2060	21.5747	-0.1912
-0.2058	21.5780	-0.1647
-0.2058	21.5832	-0.1182
-0.2057	21.5786	-0.1380
-0.2056	21.5777	-0.1580
-0.2052	21.5758	-0.1945
-0.2052	21.5752	-0.1812
-0.2050	21.5803	-0.1215
-0.2050	21.5741	-0.1746
-0.2049	21.5727	-0.1878
-0.2048	21.5811	-0.1547
-0.2047	21.5714	-0.2144
-0.2047	21.5774	-0.1613
-0.2045	21.5796	-0.1281
-0.2044	21.5776	-0.1414
-0.2044	21.5693	-0.2077
-0.2044	21.5764	-0.1481
-0.2044	21.5753	-0.1679
-0.2043	21.5806	-0.1348
-0.2042	21.5715	-0.2011
-0.2033	21.5752	-0.1646
-0.2032	21.5774	-0.1513
-0.2031	21.5748	-0.1248
-0.2028	21.5738	-0.1712
-0.2027	21.5774	-0.1182
-0.2026	21.5737	-0.1381
-0.2026	21.5716	-0.1580
-0.2024	21.5705	-0.1778
-0.2020	21.5662	-0.2077
-0.2018	21.5712	-0.1413
-0.2016	21.5716	-0.1679
-0.2016	21.5743	-0.1480
-0.2016	21.5743	-0.1347
-0.2014	21.5704	-0.1613
-0.2014	21.5762	-0.1281
-0.2013	21.5665	-0.2011
-0.2012	21.5651	-0.2143
-0.2010	21.5675	-0.1944
-0.2010	21.5710	-0.1745
-0.2007	21.5706	-0.1546
-0.2005	21.5659	-0.1878
-0.2005	21.5720	-0.1215
-0.2002	21.5640	-0.1811
-0.1997	21.5665	-0.1712
-0.1996	21.5653	-0.1779
-0.1995	21.5680	-0.1580
-0.1995	21.5675	-0.1646
-0.1994	21.5695	-0.1248
-0.1990	21.5671	-0.1513
-0.1985	21.5628	-0.2010
-0.1982	21.5690	-0.1281
-0.1982	21.5631	-0.1877
-0.1979	21.5648	-0.1745
-0.1979	21.5622	-0.1811
-0.1978	21.5695	-0.1148
-0.1978	21.5676	-0.1215
-0.1977	21.5641	-0.1546
-0.1976	21.5609	-0.2143
-0.1976	21.5598	-0.2076
-0.1976	21.5619	-0.1944
-0.1975	21.5676	-0.1480
-0.1975	21.5633	-0.1612
-0.1975	21.5663	-0.1413
-0.1975	21.5638	-0.1679
-0.1971	21.5651	-0.1347
-0.1965	21.5607	-0.1778
-0.1964	21.5667	-0.1447
-0.1963	21.5640	-0.1512
-0.1961	21.5591	-0.2010
-0.1958	21.5613	-0.1645
-0.1958	21.5632	-0.1579
-0.1957	21.5639	-0.1248
-0.1957	21.5605	-0.1711
-0.1952	21.5582	-0.1877
-0.1950	21.5633	-0.1214
-0.1949	21.5590	-0.1811
-0.1948	21.5565	-0.1745
-0.1948	21.5596	-0.1545
-0.1946	21.5545	-0.2142
-0.1944	21.5624	-0.1281
-0.1944	21.5617	-0.1346
-0.1944	21.5615	-0.1413
-0.1944	21.5553	-0.1943
-0.1944	21.5563	-0.2076
-0.1944	21.5599	-0.1479
-0.1944	21.5587	-0.1612
-0.1943	21.5593	-0.1678
-0.1942	21.5651	-0.1148
-0.1931	21.5590	-0.1247
-0.1930	21.5565	-0.1512
-0.1930	21.5553	-0.1645
-0.1927	21.5581	-0.1446
-0.1926	21.5553	-0.1711
-0.1922	21.5580	-0.1579
-0.1920	21.5547	-0.1478
-0.1919	21.5516	-0.1777
-0.1918	21.5569	-0.1346
-0.1917	21.5540	-0.1677
-0.1916	21.5485	-0.2075
-0.1915	21.5548	-0.1412
-0.1915	21.5529	-0.1611
-0.1915	21.5504	-0.2009
-0.1914	21.5486	-0.2141
-0.1913	21.5592	-0.1147
-0.1910	21.5498	-0.1942
-0.1909	21.5484	-0.1810
-0.1909	21.5511	-0.1744
-0.1908	21.5574	-0.1280
-0.1907	21.5545	-0.1214
-0.1906	21.5492	-0.1876
-0.1906	21.5525	-0.1545
-0.1897	21.5549	-0.1247
-0.1896	21.5491	-0.1711
-0.1894	21.5458	-0.1777
-0.1894	21.5498	-0.1578
-0.1894	21.5485	-0.1644
-0.1892	21.5480	-0.1511
-0.1890	21.5574	-0.1446
-0.1883	21.5488	-0.1479
-0.1883	21.5435	-0.2008
-0.1883	21.5551	-0.1147
-0.1882	21.5442	-0.1876
-0.1881	21.5437	-0.1942
-0.1880	21.5507	-0.1280
-0.1879	21.5453	-0.1744
-0.1877	21.5420	-0.1809
-0.1875	21.5405	-0.2074
-0.1874	21.5499	-0.1214
-0.1874	21.5459	-0.1611
-0.1874	21.5490	-0.1412
-0.1873	21.5434	-0.1677
-0.1872	21.5406	-0.2141
-0.1872	21.5466	-0.1345
-0.1872	21.5457	-0.1544
-0.1863	21.5421	-0.1777
-0.1862	21.5491	-0.1445
-0.1860	21.5435	-0.1511
-0.1857	21.5427	-0.1578
-0.1856	21.5450	-0.1644
-0.1856	21.5412	-0.1710
-0.1853	21.5467	-0.1213
-0.1853	21.5462	-0.1147
-0.1851	21.5434	-0.1544
-0.1848	21.5430	-0.1412
-0.1844	21.5450	-0.1280
-0.1843	21.5423	-0.1477
