Положение X	Положение Y	Положение Z
-0.2680	21.6548	-0.2120
-0.2679	21.6576	-0.2054
-0.2678	21.6578	-0.1988
-0.2676	21.6570	-0.1721
-0.2674	21.6594	-0.1054
-0.2672	21.6595	-0.1587
-0.2671	21.6548	-0.1920
-0.2671	21.6581	-0.1654
-0.2671	21.6580	-0.0987
-0.2671	21.6574	-0.1854
-0.2670	21.6570	-0.1787
-0.2669	21.6572	-0.1821
-0.2647	21.6585	-0.1254
-0.2646	21.6580	-0.1454
-0.2646	21.6550	-0.1987
-0.2646	21.6552	-0.1587
-0.2645	21.6573	-0.1387
-0.2643	21.6596	-0.0987
-0.2643	21.6538	-0.1920
-0.2642	21.6527	-0.2054
-0.2642	21.6609	-0.1188
-0.2641	21.6525	-0.2120
-0.2641	21.6560	-0.1521
-0.2641	21.6607	-0.1054
-0.2641	21.6536	-0.1854
-0.2641	21.6560	-0.1654
-0.2640	21.6549	-0.1721
-0.2640	21.6576	-0.1321
-0.2637	21.6592	-0.1121
-0.2635	21.6503	-0.1787
-0.2630	21.6529	-0.1821
-0.2625	21.6493	-0.2087
-0.2621	21.6574	-0.1054
-0.2620	21.6527	-0.1587
-0.2614	21.6535	-0.1454
-0.2611	21.6533	-0.1320
-0.2611	21.6488	-0.1787
-0.2611	21.6478	-0.1919
-0.2610	21.6557	-0.1187
-0.2609	21.6460	-0.2119
-0.2609	21.6541	-0.1121
-0.2609	21.6518	-0.1387
-0.2609	21.6486	-0.1719
-0.2608	21.6505	-0.1653
-0.2608	21.6537	-0.1254
-0.2607	21.6490	-0.1853
-0.2607	21.6488	-0.1986
-0.2607	21.6572	-0.0987
-0.2605	21.6465	-0.2053
-0.2604	21.6526	-0.1520
-0.2597	21.6622	-0.0955
-0.2596	21.6472	-0.1953
-0.2596	21.6486	-0.1687
-0.2596	21.6468	-0.2087
-0.2595	21.6467	-0.1887
-0.2595	21.6460	-0.2020
-0.2593	21.6529	-0.1354
-0.2592	21.6520	-0.1287
-0.2592	21.6488	-0.1753
-0.2592	21.6513	-0.1221
-0.2592	21.6477	-0.1620
-0.2591	21.6474	-0.1820
-0.2583	21.6463	-0.1786
-0.2582	21.6505	-0.1320
-0.2581	21.6504	-0.1187
-0.2580	21.6506	-0.1121
-0.2579	21.6490	-0.1521
-0.2579	21.6456	-0.1653
-0.2578	21.6490	-0.1387
-0.2578	21.6489	-0.1453
-0.2578	21.6472	-0.1720
-0.2578	21.6523	-0.0987
-0.2578	21.6445	-0.1853
-0.2576	21.6499	-0.1253
-0.2574	21.6512	-0.1053
-0.2573	21.6427	-0.2119
-0.2570	21.6431	-0.1919
-0.2570	21.6427	-0.2053
-0.2570	21.6468	-0.1586
-0.2567	21.6426	-0.1986
-0.2566	21.6439	-0.1820
-0.2566	21.6435	-0.2086
-0.2566	21.6424	-0.1953
-0.2563	21.6435	-0.1686
-0.2563	21.6472	-0.1487
-0.2562	21.6456	-0.1753
-0.2562	21.6509	-0.0954
-0.2562	21.6449	-0.1554
-0.2562	21.6442	-0.2020
-0.2561	21.6471	-0.1354
-0.2561	21.6463	-0.1287
-0.2561	21.6445	-0.1620
-0.2560	21.6455	-0.1420
-0.2559	21.6433	-0.1886
-0.2559	21.6480	-0.1087
-0.2558	21.6487	-0.1154
-0.2556	21.6472	-0.1220
-0.2550	21.6460	-0.1254
-0.2548	21.6448	-0.1520
-0.2547	21.6428	-0.1586
-0.2547	21.6417	-0.1986
-0.2545	21.6461	-0.1320
-0.2545	21.6455	-0.1387
-0.2544	21.6380	-0.2118
-0.2544	21.6415	-0.1720
-0.2543	21.6464	-0.1187
-0.2543	21.6450	-0.1053
-0.2543	21.6425	-0.1653
-0.2542	21.6390	-0.1919
-0.2541	21.6429	-0.1453
-0.2540	21.6406	-0.2052
-0.2540	21.6401	-0.1786
-0.2539	21.6453	-0.1354
-0.2539	21.6465	-0.0987
-0.2539	21.6398	-0.1852
-0.2538	21.6453	-0.1120
-0.2537	21.6415	-0.1620
-0.2535	21.6389	-0.2019
-0.2534	21.6410	-0.1820
-0.2534	21.6408	-0.1753
-0.2533	21.6465	-0.1087
-0.2532	21.6472	-0.0954
-0.2531	21.6395	-0.1952
-0.2531	21.6394	-0.2086
-0.2529	21.6413	-0.1886
-0.2528	21.6427	-0.1220
-0.2527	21.6383	-0.1686
-0.2527	21.6456	-0.1154
-0.2527	21.6417	-0.1420
-0.2526	21.6439	-0.1287
-0.2526	21.6424	-0.1486
-0.2525	21.6414	-0.1553
-0.2516	21.6362	-0.2118
-0.2515	21.6419	-0.1453
-0.2515	21.6440	-0.1054
-0.2513	21.6376	-0.1586
-0.2512	21.6374	-0.1852
-0.2512	21.6371	-0.1918
-0.2512	21.6434	-0.1187
-0.2512	21.6359	-0.1985
-0.2510	21.6353	-0.2052
-0.2510	21.6414	-0.1320
-0.2510	21.6405	-0.1386
-0.2509	21.6380	-0.1719
-0.2509	21.6426	-0.1254
-0.2508	21.6441	-0.0987
-0.2508	21.6357	-0.1786
-0.2507	21.6381	-0.1652
-0.2507	21.6417	-0.1120
-0.2507	21.6426	-0.1420
-0.2503	21.6354	-0.2086
-0.2503	21.6371	-0.1819
-0.2502	21.6389	-0.1519
-0.2502	21.6411	-0.1952
-0.2500	21.6391	-0.1220
-0.2500	21.6357	-0.1752
-0.2500	21.6382	-0.1553
-0.2500	21.6374	-0.1619
-0.2498	21.6336	-0.1885
-0.2498	21.6397	-0.1286
-0.2497	21.6330	-0.2019
-0.2496	21.6381	-0.1486
-0.2496	21.6429	-0.0954
-0.2496	21.6414	-0.1154
-0.2495	21.6392	-0.1086
-0.2492	21.6347	-0.1686
-0.2491	21.6391	-0.1353
-0.2481	21.6379	-0.1453
-0.2480	21.6331	-0.1852
-0.2480	21.6370	-0.1186
-0.2478	21.6377	-0.1253
-0.2478	21.6377	-0.0986
-0.2478	21.6376	-0.1120
-0.2477	21.6308	-0.1785
-0.2476	21.6374	-0.1320
-0.2476	21.6352	-0.1586
-0.2476	21.6288	-0.2051
-0.2475	21.6409	-0.1386
-0.2475	21.6336	-0.1652
-0.2475	21.6361	-0.1519
-0.2474	21.6317	-0.1918
-0.2473	21.6331	-0.1718
-0.2473	21.6369	-0.1053
-0.2471	21.6350	-0.1686
-0.2471	21.6315	-0.1985
-0.2469	21.6300	-0.2118
-0.2468	21.6318	-0.1885
-0.2465	21.6358	-0.1420
-0.2465	21.6356	-0.1220
-0.2464	21.6338	-0.1752
-0.2464	21.6303	-0.1951
-0.2464	21.6298	-0.2018
-0.2463	21.6353	-0.1486
-0.2462	21.6352	-0.1153
-0.2460	21.6315	-0.1819
-0.2460	21.6362	-0.1086
-0.2460	21.6301	-0.2085
-0.2460	21.6384	-0.0954
-0.2459	21.6319	-0.1553
-0.2459	21.6323	-0.1619
-0.2459	21.6363	-0.1353
-0.2457	21.6332	-0.1286
-0.2446	21.6340	-0.1253
-0.2446	21.6288	-0.1785
-0.2445	21.6373	-0.0986
-0.2445	21.6279	-0.1719
-0.2444	21.6337	-0.1119
-0.2444	21.6297	-0.1386
-0.2444	21.6371	-0.1053
-0.2442	21.6269	-0.1984
-0.2442	21.6257	-0.2118
-0.2440	21.6296	-0.1652
-0.2440	21.6280	-0.1918
-0.2440	21.6276	-0.1851
-0.2439	21.6324	-0.1186
-0.2439	21.6304	-0.1519
-0.2437	21.6299	-0.1585
-0.2437	21.6324	-0.1320
-0.2437	21.6278	-0.2051
-0.2436	21.6333	-0.1353
-0.2435	21.6305	-0.1453
-0.2435	21.6294	-0.1552
-0.2434	21.6310	-0.1486
-0.2432	21.6271	-0.1885
-0.2432	21.6297	-0.1618
-0.2432	21.6325	-0.1153
-0.2431	21.6369	-0.0954
-0.2430	21.6265	-0.2085
-0.2429	21.6253	-0.1951
-0.2429	21.6325	-0.1086
-0.2428	21.6261	-0.1818
-0.2427	21.6313	-0.1220
-0.2427	21.6274	-0.1751
-0.2426	21.6297	-0.1286
-0.2424	21.6279	-0.1685
-0.2424	21.6241	-0.2018
-0.2424	21.6290	-0.1419
-0.2415	21.6328	-0.0986
-0.2415	21.6283	-0.1386
-0.2414	21.6325	-0.1052
-0.2413	21.6266	-0.1452
-0.2413	21.6259	-0.1519
-0.2411	21.6224	-0.1319
-0.2410	21.6266	-0.1718
-0.2410	21.6238	-0.1651
-0.2409	21.6255	-0.1585
-0.2408	21.6221	-0.2051
-0.2408	21.6239	-0.1851
-0.2408	21.6269	-0.1252
-0.2407	21.6283	-0.1119
-0.2407	21.6282	-0.1186
-0.2407	21.6230	-0.1917
-0.2407	21.6302	-0.1086
-0.2404	21.6225	-0.1785
-0.2403	21.6215	-0.2117
-0.2402	21.6250	-0.1552
-0.2402	21.6263	-0.1485
-0.2402	21.6222	-0.1984
-0.2401	21.6234	-0.1818
-0.2400	21.6214	-0.2084
-0.2400	21.6268	-0.1286
-0.2399	21.6275	-0.1419
-0.2399	21.6243	-0.1751
-0.2397	21.6255	-0.1618
-0.2397	21.6208	-0.1951
-0.2396	21.6298	-0.0953
-0.2395	21.6276	-0.1353
-0.2395	21.6259	-0.1219
-0.2395	21.6262	-0.1153
-0.2395	21.6218	-0.2018
-0.2393	21.6225	-0.1685
-0.2392	21.6213	-0.1884
-0.2380	21.6255	-0.1119
-0.2380	21.6247	-0.1452
-0.2380	21.6217	-0.1585
-0.2379	21.6171	-0.2050
-0.2379	21.6253	-0.0986
-0.2379	21.6252	-0.1186
-0.2378	21.6178	-0.2116
-0.2377	21.6204	-0.1984
-0.2377	21.6256	-0.1253
-0.2374	21.6221	-0.1319
-0.2374	21.6211	-0.1519
-0.2374	21.6177	-0.1850
-0.2373	21.6229	-0.1651
-0.2373	21.6255	-0.1053
-0.2373	21.6223	-0.1385
-0.2372	21.6155	-0.1917
-0.2370	21.6206	-0.1552
-0.2369	21.6182	-0.1784
-0.2369	21.6233	-0.1285
-0.2369	21.6205	-0.1618
-0.2369	21.6203	-0.1685
-0.2368	21.6201	-0.1718
-0.2368	21.6189	-0.1751
-0.2365	21.6219	-0.1419
-0.2365	21.6174	-0.2017
-0.2365	21.6186	-0.1950
-0.2364	21.6190	-0.1884
-0.2363	21.6226	-0.1153
-0.2363	21.6154	-0.2084
-0.2362	21.6224	-0.1219
-0.2362	21.6179	-0.1818
-0.2361	21.6223	-0.1352
-0.2360	21.6207	-0.1485
-0.2359	21.6234	-0.1086
-0.2359	21.6256	-0.0953
-0.2349	21.6157	-0.1917
-0.2348	21.6202	-0.1385
-0.2348	21.6204	-0.1252
-0.2348	21.6139	-0.2116
-0.2347	21.6246	-0.1053
-0.2347	21.6187	-0.1651
-0.2346	21.6172	-0.1984
-0.2345	21.6164	-0.1850
-0.2344	21.6197	-0.1119
-0.2344	21.6156	-0.1718
-0.2343	21.6207	-0.1185
-0.2342	21.6169	-0.1584
-0.2341	21.6180	-0.1518
-0.2340	21.6193	-0.0986
-0.2339	21.6201	-0.1451
-0.2339	21.6184	-0.1318
-0.2337	21.6146	-0.2050
-0.2337	21.6161	-0.1784
-0.2334	21.6143	-0.1950
-0.2332	21.6204	-0.0953
-0.2332	21.6135	-0.2017
-0.2332	21.6159	-0.1750
-0.2332	21.6199	-0.1152
-0.2330	21.6191	-0.1352
-0.2330	21.6138	-0.1884
-0.2329	21.6156	-0.1684
-0.2329	21.6183	-0.1485
-0.2327	21.6196	-0.1219
-0.2327	21.6183	-0.1285
-0.2327	21.6153	-0.1617
-0.2326	21.6108	-0.2083
-0.2326	21.6166	-0.1418
-0.2326	21.6196	-0.1085
-0.2326	21.6144	-0.1551
-0.2323	21.6145	-0.1817
-0.2316	21.6156	-0.1651
-0.2315	21.6148	-0.1385
-0.2315	21.6207	-0.0986
-0.2314	21.6172	-0.1319
-0.2314	21.6198	-0.1052
-0.2313	21.6148	-0.1451
-0.2312	21.6106	-0.1717
-0.2309	21.6175	-0.1119
-0.2309	21.6136	-0.1518
-0.2309	21.6112	-0.1850
-0.2308	21.6111	-0.1916
-0.2308	21.6083	-0.1783
-0.2307	21.6176	-0.1185
-0.2307	21.6106	-0.2049
-0.2305	21.6116	-0.1584
-0.2304	21.6147	-0.1251
-0.2303	21.6171	-0.1085
-0.2303	21.6087	-0.2116
-0.2303	21.6140	-0.1418
-0.2302	21.6128	-0.1484
-0.2302	21.6126	-0.1983
-0.2301	21.6143	-0.1351
-0.2301	21.6140	-0.1152
-0.2300	21.6161	-0.1219
-0.2298	21.6119	-0.1817
-0.2296	21.6125	-0.1285
-0.2296	21.6079	-0.2016
-0.2295	21.6211	-0.0953
-0.2295	21.6066	-0.1949
-0.2295	21.6095	-0.1883
-0.2294	21.6088	-0.2083
-0.2293	21.6098	-0.1617
-0.2292	21.6097	-0.1750
-0.2291	21.6124	-0.1551
-0.2291	21.6115	-0.1684
-0.2281	21.6134	-0.1185
-0.2281	21.6127	-0.1118
-0.2279	21.6112	-0.1451
-0.2277	21.6149	-0.0985
-0.2277	21.6096	-0.1783
-0.2277	21.6083	-0.1584
-0.2276	21.6114	-0.1518
-0.2274	21.6110	-0.1551
-0.2273	21.6060	-0.1849
-0.2272	21.6048	-0.2115
-0.2272	21.6105	-0.1318
-0.2272	21.6064	-0.1650
-0.2271	21.6090	-0.1418
-0.2270	21.6095	-0.1384
-0.2269	21.6055	-0.1716
-0.2269	21.6098	-0.1484
-0.2269	21.6046	-0.1982
-0.2269	21.6100	-0.1617
-0.2268	21.6108	-0.1251
-0.2267	21.6119	-0.1052
-0.2267	21.6109	-0.1285
-0.2267	21.6044	-0.2049
-0.2266	21.6068	-0.1916
-0.2266	21.6045	-0.2083
-0.2265	21.6078	-0.1817
-0.2265	21.6068	-0.1684
-0.2265	21.6066	-0.1883
-0.2263	21.6095	-0.1218
-0.2262	21.6048	-0.1750
-0.2260	21.6004	-0.1949
-0.2259	21.6118	-0.1085
-0.2259	21.6120	-0.1152
-0.2259	21.6106	-0.0952
-0.2257	21.6101	-0.1351
-0.2254	21.6027	-0.2016
-0.2249	21.6047	-0.1584
-0.2246	21.6108	-0.1051
-0.2245	21.6080	-0.1251
-0.2243	21.6003	-0.2049
-0.2243	21.6033	-0.2116
-0.2243	21.6078	-0.1518
-0.2242	21.6119	-0.0985
-0.2242	21.6035	-0.1915
-0.2241	21.6064	-0.1384
-0.2240	21.6030	-0.1650
-0.2240	21.6048	-0.1318
-0.2239	21.6086	-0.1118
-0.2238	21.6073	-0.1450
-0.2238	21.6068	-0.1185
-0.2237	21.5998	-0.1982
-0.2237	21.6019	-0.1716
-0.2236	21.6019	-0.1849
-0.2235	21.6038	-0.1683
-0.2234	21.6018	-0.1949
-0.2234	21.6049	-0.1551
-0.2234	21.6046	-0.1816
-0.2234	21.6044	-0.1418
-0.2234	21.5960	-0.1782
-0.2232	21.5993	-0.2082
-0.2231	21.6010	-0.1883
-0.2230	21.6081	-0.1085
-0.2230	21.6064	-0.1152
-0.2230	21.6059	-0.1351
-0.2230	21.6019	-0.1749
-0.2229	21.6054	-0.0952
-0.2229	21.6046	-0.1617
-0.2229	21.5999	-0.2015
-0.2225	21.6064	-0.1284
-0.2222	21.6040	-0.1484
-0.2221	21.6053	-0.1218
-0.2216	21.5990	-0.2048
-0.2214	21.6062	-0.1051
-0.2213	21.6041	-0.1318
-0.2212	21.5989	-0.1915
-0.2212	21.5978	-0.1982
-0.2212	21.5966	-0.2115
-0.2211	21.6017	-0.1517
-0.2211	21.6062	-0.1118
-0.2210	21.5998	-0.1649
-0.2210	21.5990	-0.1849
-0.2209	21.5996	-0.1716
-0.2208	21.6023	-0.1450
-0.2208	21.6017	-0.1250
-0.2208	21.6029	-0.1184
-0.2207	21.5991	-0.1782
-0.2207	21.6054	-0.0985
-0.2206	21.6019	-0.1384
-0.2204	21.6019	-0.1583
-0.2202	21.5988	-0.1882
-0.2201	21.6026	-0.1151
-0.2201	21.5996	-0.1683
-0.2200	21.6026	-0.1085
-0.2199	21.5943	-0.1948
-0.2197	21.6019	-0.1351
-0.2197	21.5942	-0.2082
-0.2196	21.5968	-0.2015
-0.2196	21.6025	-0.1218
-0.2196	21.5944	-0.0952
-0.2195	21.6024	-0.1284
-0.2195	21.5994	-0.1749
-0.2193	21.6001	-0.1417
-0.2193	21.5982	-0.1616
-0.2193	21.5976	-0.1816
-0.2193	21.6003	-0.1550
-0.2192	21.6009	-0.1484
-0.2181	21.5997	-0.1118
-0.2180	21.5974	-0.1517
-0.2179	21.5967	-0.1583
-0.2179	21.5972	-0.1849
-0.2179	21.6002	-0.1184
-0.2179	21.5968	-0.1782
-0.2178	21.5952	-0.1715
-0.2178	21.5963	-0.1649
-0.2178	21.5988	-0.1450
-0.2177	21.5982	-0.1317
-0.2176	21.5989	-0.1384
-0.2175	21.5917	-0.2115
-0.2173	21.5937	-0.1982
-0.2171	21.5995	-0.1051
-0.2171	21.5916	-0.2048
-0.2170	21.5924	-0.1914
-0.2169	21.5976	-0.1250
-0.2168	21.5977	-0.1217
-0.2168	21.5977	-0.1284
-0.2168	21.5981	-0.1151
-0.2167	21.5928	-0.1948
-0.2165	21.6011	-0.0985
-0.2165	21.5918	-0.2015
-0.2164	21.5937	-0.1882
-0.2163	21.5975	-0.1550
-0.2162	21.5961	-0.1483
-0.2161	21.5963	-0.1351
-0.2161	21.5943	-0.1616
-0.2160	21.5967	-0.1417
-0.2159	21.5973	-0.1084
-0.2159	21.5990	-0.0952
-0.2159	21.5951	-0.1816
-0.2159	21.5947	-0.1683
-0.2158	21.5895	-0.2081
-0.2157	21.5932	-0.1749
-0.2148	21.5927	-0.1450
-0.2146	21.6000	-0.0985
-0.2146	21.5931	-0.1583
-0.2145	21.5971	-0.1051
-0.2145	21.5957	-0.1250
-0.2143	21.5907	-0.1848
-0.2141	21.5891	-0.1981
-0.2141	21.5912	-0.1516
-0.2140	21.5945	-0.1383
-0.2139	21.5897	-0.1914
-0.2139	21.5960	-0.1184
-0.2138	21.5861	-0.2114
-0.2138	21.5908	-0.1649
-0.2138	21.5901	-0.1715
-0.2137	21.5964	-0.1118
-0.2136	21.5864	-0.2047
-0.2135	21.5891	-0.1782
-0.2135	21.5942	-0.1317
-0.2135	21.5918	-0.1815
-0.2132	21.5926	-0.1483
-0.2132	21.5876	-0.1881
-0.2132	21.5931	-0.1550
-0.2132	21.5926	-0.1417
-0.2130	21.5932	-0.1350
-0.2130	21.5897	-0.1616
-0.2129	21.5864	-0.2014
-0.2129	21.5909	-0.1748
-0.2129	21.5874	-0.1948
-0.2127	21.5940	-0.1151
-0.2127	21.5939	-0.1084
-0.2127	21.5865	-0.2081
-0.2127	21.5905	-0.1682
-0.2126	21.5974	-0.0952
-0.2125	21.5928	-0.1284
-0.2121	21.5905	-0.1217
-0.2119	21.5936	-0.1051
-0.2114	21.5922	-0.1250
-0.2111	21.5891	-0.1317
-0.2110	21.5887	-0.1383
-0.2108	21.5833	-0.2114
-0.2107	21.5899	-0.1516
-0.2107	21.5875	-0.1848
-0.2106	21.5840	-0.2047
-0.2106	21.5893	-0.1449
-0.2105	21.5908	-0.1184
-0.2105	21.5850	-0.1914
-0.2104	21.5881	-0.1682
-0.2103	21.5878	-0.1549
-0.2103	21.5837	-0.1781
-0.2103	21.5869	-0.1616
-0.2102	21.5916	-0.1117
-0.2102	21.5845	-0.1582
-0.2101	21.5883	-0.1815
-0.2101	21.5846	-0.2081
-0.2101	21.5873	-0.1715
-0.2101	21.5913	-0.1350
-0.2101	21.5910	-0.0984
-0.2100	21.5858	-0.1748
-0.2100	21.5928	-0.1084
-0.2099	21.5830	-0.1981
-0.2098	21.5939	-0.0952
-0.2097	21.5843	-0.1648
-0.2097	21.5899	-0.1151
-0.2096	21.5884	-0.1217
-0.2094	21.5874	-0.1483
-0.2094	21.5836	-0.1881
-0.2093	21.5877	-0.1416
-0.2093	21.5836	-0.1947
-0.2092	21.5820	-0.2014
-0.2092	21.5888	-0.1283
-0.2081	21.5869	-0.1183
-0.2080	21.5860	-0.1981
-0.2080	21.5875	-0.1317
-0.2079	21.5883	-0.1117
-0.2079	21.5875	-0.1383
-0.2078	21.5885	-0.0984
-0.2078	21.5798	-0.2047
-0.2078	21.5859	-0.1516
-0.2076	21.5862	-0.1450
-0.2075	21.5804	-0.1913
-0.2074	21.5838	-0.1648
-0.2073	21.5828	-0.1714
-0.2073	21.5817	-0.1582
-0.2073	21.5874	-0.1050
-0.2072	21.5849	-0.1250
-0.2072	21.5818	-0.1847
-0.2070	21.5861	-0.1283
-0.2070	21.5783	-0.2113
-0.2070	21.5803	-0.1781
-0.2067	21.5853	-0.1217
-0.2067	21.5772	-0.2080
-0.2066	21.5838	-0.1350
-0.2066	21.5810	-0.1748
-0.2065	21.5802	-0.1814
-0.2065	21.5858	-0.1151
-0.2064	21.5783	-0.1947
-0.2064	21.5823	-0.1682
-0.2061	21.5808	-0.1881
-0.2061	21.5843	-0.1482
-0.2060	21.5839	-0.1416
-0.2059	21.5768	-0.2013
-0.2059	21.5802	-0.1549
-0.2059	21.5859	-0.1084
-0.2057	21.5800	-0.1615
-0.2057	21.5905	-0.0952
-0.2046	21.5850	-0.1050
-0.2046	21.5782	-0.1714
-0.2046	21.5849	-0.1449
-0.2045	21.5802	-0.1980
-0.2045	21.5777	-0.1913
-0.2044	21.5760	-0.2113
-0.2044	21.5833	-0.0984
-0.2044	21.5792	-0.1847
-0.2044	21.5824	-0.1117
-0.2043	21.5804	-0.1516
-0.2042	21.5836	-0.1781
-0.2042	21.5773	-0.1648
-0.2041	21.5743	-0.2046
-0.2040	21.5826	-0.1183
-0.2040	21.5788	-0.1582
-0.2039	21.5837	-0.1249
-0.2039	21.5804	-0.1382
-0.2036	21.5823	-0.1316
-0.2035	21.5775	-0.1880
-0.2034	21.5820	-0.1416
-0.2033	21.5820	-0.1482
-0.2033	21.5797	-0.1549
-0.2031	21.5872	-0.0952
-0.2030	21.5799	-0.1283
-0.2029	21.5747	-0.2013
-0.2029	21.5831	-0.1084
-0.2029	21.5750	-0.1946
-0.2028	21.5742	-0.2080
-0.2026	21.5814	-0.1150
-0.2026	21.5780	-0.1814
-0.2026	21.5813	-0.1350
-0.2024	21.5790	-0.1615
-0.2024	21.5768	-0.1681
-0.2023	21.5764	-0.1747
-0.2018	21.5772	-0.1216
-0.2013	21.5810	-0.1050
-0.2012	21.5756	-0.1581
-0.2011	21.5806	-0.1648
-0.2011	21.5787	-0.1448
-0.2011	21.5782	-0.1249
-0.2010	21.5718	-0.1913
-0.2010	21.5747	-0.1780
-0.2010	21.5782	-0.1382
-0.2009	21.5650	-0.2112
-0.2009	21.5736	-0.1847
-0.2009	21.5800	-0.0984
-0.2009	21.5814	-0.1715
-0.2008	21.5723	-0.1980
-0.2007	21.5757	-0.1515
-0.2006	21.5785	-0.1117
-0.2005	21.5765	-0.1316
-0.2004	21.5798	-0.1183
-0.2004	21.5709	-0.2046
-0.2004	21.5774	-0.1549
-0.2003	21.5735	-0.1747
-0.2000	21.5719	-0.1614
-0.2000	21.5784	-0.1083
-0.1998	21.5701	-0.2013
-0.1997	21.5749	-0.1416
-0.1997	21.5741	-0.1681
-0.1997	21.5840	-0.0951
-0.1996	21.5777	-0.1150
-0.1995	21.5713	-0.1880
-0.1995	21.5692	-0.1946
-0.1995	21.5761	-0.1216
-0.1995	21.5808	-0.1482
-0.1993	21.5782	-0.1349
-0.1993	21.5753	-0.1282
-0.1991	21.5705	-0.1814
-0.1991	21.5643	-0.2079
-0.1980	21.5734	-0.1515
-0.1980	21.5770	-0.1116
-0.1979	21.5742	-0.1183
-0.1979	21.5732	-0.1382
-0.1978	21.5790	-0.0984
-0.1978	21.5757	-0.1316
-0.1977	21.5697	-0.1714
-0.1977	21.5736	-0.1249
-0.1975	21.5722	-0.1449
-0.1973	21.5683	-0.2045
-0.1973	21.5694	-0.1979
-0.1972	21.5704	-0.1780
-0.1972	21.5698	-0.1912
-0.1972	21.5690	-0.1846
-0.1971	21.5691	-0.1581
-0.1971	21.5774	-0.1050
-0.1969	21.5733	-0.1349
-0.1969	21.5711	-0.1747
-0.1969	21.5658	-0.2111
-0.1967	21.5706	-0.1814
-0.1966	21.5721	-0.1548
-0.1966	21.5657	-0.2079
-0.1965	21.5660	-0.1680
-0.1965	21.5719	-0.1282
-0.1964	21.5672	-0.1946
-0.1964	21.5718	-0.1216
-0.1962	21.5695	-0.1647
-0.1962	21.5686	-0.1614
-0.1962	21.5724	-0.1150
-0.1961	21.5706	-0.1481
-0.1960	21.5692	-0.1880
-0.1960	21.5747	-0.1083
-0.1959	21.5705	-0.1415
-0.1958	21.5664	-0.2012
-0.1956	21.5726	-0.0951
-0.1947	21.5663	-0.1780
-0.1947	21.5645	-0.1912
-0.1947	21.5673	-0.1515
-0.1945	21.5675	-0.1714
-0.1945	21.5673	-0.1979
-0.1944	21.5723	-0.1183
-0.1944	21.5678	-0.1116
-0.1943	21.5645	-0.1846
-0.1943	21.5712	-0.1049
-0.1943	21.5707	-0.1315
-0.1943	21.5703	-0.1249
-0.1941	21.5634	-0.2111
-0.1941	21.5624	-0.2045
-0.1941	21.5685	-0.1647
-0.1940	21.5681	-0.1448
-0.1940	21.5722	-0.0983
-0.1939	21.5697	-0.1382
-0.1938	21.5650	-0.1746
-0.1936	21.5661	-0.1680
-0.1935	21.5661	-0.1879
-0.1933	21.5623	-0.1945
-0.1932	21.5644	-0.2012
-0.1932	21.5684	-0.1282
-0.1931	21.5652	-0.1581
-0.1931	21.5706	-0.0951
-0.1931	21.5660	-0.1481
-0.1931	21.5653	-0.1813
-0.1929	21.5668	-0.1415
-0.1928	21.5604	-0.2078
-0.1928	21.5697	-0.1150
-0.1926	21.5649	-0.1548
-0.1926	21.5681	-0.1349
-0.1926	21.5660	-0.1614
-0.1925	21.5654	-0.1216
-0.1924	21.5688	-0.1083
-0.1916	21.5675	-0.1049
-0.1916	21.5603	-0.2045
-0.1915	21.5609	-0.1979
-0.1915	21.5669	-0.1316
-0.1913	21.5649	-0.1248
-0.1913	21.5643	-0.1580
-0.1912	21.5605	-0.1846
-0.1912	21.5651	-0.1448
-0.1912	21.5627	-0.1779
-0.1912	21.5606	-0.1912
-0.1912	21.5626	-0.1647
-0.1911	21.5630	-0.1381
-0.1909	21.5570	-0.2110
-0.1907	21.5677	-0.0983
-0.1905	21.5598	-0.1713
-0.1905	21.5672	-0.1182
-0.1905	21.5670	-0.1116
-0.1904	21.5678	-0.1083
-0.1903	21.5654	-0.1515
-0.1902	21.5633	-0.1481
-0.1900	21.5607	-0.1945
-0.1898	21.5582	-0.2012
-0.1898	21.5657	-0.0950
-0.1898	21.5604	-0.1680
-0.1897	21.5649	-0.1149
-0.1897	21.5568	-0.2078
-0.1897	21.5634	-0.1415
-0.1897	21.5607	-0.1547
-0.1897	21.5599	-0.1613
-0.1896	21.5584	-0.1879
-0.1895	21.5638	-0.1216
-0.1893	21.5640	-0.1349
-0.1893	21.5605	-0.1813
-0.1892	21.5576	-0.1746
-0.1890	21.5632	-0.1282
-0.1882	21.5670	-0.0983
-0.1881	21.5633	-0.1116
-0.1880	21.5609	-0.1415
-0.1879	21.5622	-0.1182
-0.1879	21.5621	-0.1315
-0.1878	21.5587	-0.1580
-0.1878	21.5601	-0.1381
-0.1877	21.5539	-0.2110
-0.1877	21.5614	-0.1514
-0.1877	21.5602	-0.1447
-0.1876	21.5579	-0.1978
-0.1876	21.5597	-0.1248
-0.1874	21.5590	-0.1646
-0.1874	21.5554	-0.2044
-0.1872	21.5558	-0.1779
-0.1872	21.5572	-0.1845
-0.1872	21.5567	-0.1911
-0.1871	21.5630	-0.1049
-0.1870	21.5580	-0.1713
-0.1868	21.5534	-0.1878
-0.1868	21.5571	-0.1613
-0.1867	21.5598	-0.1348
-0.1866	21.5566	-0.1547
-0.1866	21.5557	-0.2011
-0.1864	21.5595	-0.1282
-0.1864	21.5594	-0.1215
-0.1864	21.5564	-0.1812
-0.1862	21.5526	-0.1944
-0.1862	21.5630	-0.1149
-0.1862	21.5585	-0.1481
-0.1860	21.5695	-0.0951
-0.1860	21.5569	-0.1680
-0.1860	21.5542	-0.1745
-0.1859	21.5517	-0.2077
-0.1859	21.5631	-0.1083
-0.1846	21.5566	-0.1248
-0.1846	21.5552	-0.1514
-0.1846	21.5518	-0.1712
-0.1844	21.5561	-0.1447
-0.1843	21.5594	-0.1182
-0.1843	21.5584	-0.0983
-0.1843	21.5580	-0.1116
-0.1843	21.5536	-0.1911
-0.1841	21.5550	-0.1779
-0.1839	21.5533	-0.1646
-0.1838	21.5578	-0.1049
-0.1837	21.5535	-0.1845
-0.1837	21.5549	-0.1381
-0.1837	21.5562	-0.1315
-0.1836	21.5527	-0.1745
-0.1833	21.5534	-0.1547
-0.1832	21.5554	-0.1215
-0.1831	21.5537	-0.1480
-0.1831	21.5559	-0.1281
-0.1829	21.5551	-0.1347
-0.1829	21.5566	-0.0950
-0.1829	21.5543	-0.1679
-0.1828	21.5555	-0.1414
-0.1828	21.5572	-0.1082
-0.1827	21.5556	-0.1148
-0.1811	21.5549	-0.1115
