Положение X	Положение Y	Положение Z
-0.2389	21.6641	-0.1837
-0.2387	21.6619	-0.1794
-0.2368	21.6501	-0.2182
-0.2368	21.6621	-0.2054
-0.2368	21.6625	-0.1837
-0.2368	21.6612	-0.1230
-0.2367	21.6644	-0.1881
-0.2367	21.6527	-0.2226
-0.2367	21.6584	-0.1966
-0.2367	21.6581	-0.1706
-0.2366	21.6636	-0.1577
-0.2366	21.6660	-0.1274
-0.2366	21.6566	-0.1923
-0.2366	21.6615	-0.1794
-0.2364	21.6559	-0.2096
-0.2363	21.6563	-0.2140
-0.2362	21.6594	-0.2010
-0.2359	21.6494	-0.1316
-0.2355	21.6552	-0.1490
-0.2347	21.6631	-0.1621
-0.2347	21.6462	-0.1143
-0.2347	21.6617	-0.1404
-0.2347	21.6560	-0.1533
-0.2347	21.6626	-0.1361
-0.2347	21.6496	-0.2009
-0.2346	21.6624	-0.1187
-0.2345	21.6576	-0.1317
-0.2345	21.6575	-0.1794
-0.2344	21.6421	-0.2225
-0.2344	21.6530	-0.1100
-0.2344	21.6562	-0.1490
-0.2343	21.6464	-0.2182
-0.2343	21.6461	-0.1879
-0.2343	21.6531	-0.1836
-0.2343	21.6530	-0.1706
-0.2342	21.6460	-0.2095
-0.2342	21.6483	-0.2052
-0.2342	21.6512	-0.1923
-0.2342	21.6562	-0.1576
-0.2342	21.6514	-0.1966
-0.2341	21.6438	-0.2139
-0.2341	21.6580	-0.1447
-0.2340	21.6491	-0.1750
-0.2340	21.6584	-0.1231
-0.2340	21.6484	-0.1663
-0.2334	21.6565	-0.1273
-0.2325	21.6526	-0.1230
-0.2325	21.6647	-0.0970
-0.2324	21.6495	-0.1532
-0.2324	21.6428	-0.1965
-0.2324	21.6486	-0.1576
-0.2324	21.6500	-0.1100
-0.2324	21.6520	-0.1447
-0.2323	21.6498	-0.1273
-0.2323	21.6546	-0.1187
-0.2323	21.6388	-0.2095
-0.2323	21.6427	-0.2008
-0.2323	21.6508	-0.1490
-0.2323	21.6433	-0.1836
-0.2323	21.6364	-0.2051
-0.2323	21.6479	-0.1619
-0.2322	21.6556	-0.1013
-0.2322	21.6519	-0.1144
-0.2322	21.6446	-0.1705
-0.2322	21.6360	-0.2225
-0.2322	21.6476	-0.1663
-0.2322	21.6479	-0.1360
-0.2321	21.6439	-0.1793
-0.2321	21.6470	-0.1749
-0.2321	21.6467	-0.1879
-0.2321	21.6507	-0.1316
-0.2321	21.6364	-0.2181
-0.2320	21.6347	-0.2138
-0.2319	21.6494	-0.1403
-0.2312	21.6501	-0.1057
-0.2312	21.6370	-0.1921
-0.2306	21.6480	-0.1100
-0.2303	21.6421	-0.1446
-0.2302	21.6452	-0.1230
-0.2302	21.6453	-0.1186
-0.2301	21.6315	-0.1791
-0.2301	21.6401	-0.1489
-0.2300	21.6441	-0.1143
-0.2300	21.6422	-0.1359
-0.2300	21.6398	-0.1662
-0.2300	21.6328	-0.1748
-0.2300	21.6318	-0.1835
-0.2299	21.6453	-0.1403
-0.2299	21.6442	-0.1272
-0.2299	21.6280	-0.2050
-0.2299	21.6269	-0.1963
-0.2299	21.6330	-0.1921
-0.2299	21.6385	-0.1575
-0.2299	21.6453	-0.1013
-0.2299	21.6466	-0.0969
-0.2298	21.6445	-0.1056
-0.2298	21.6218	-0.2180
-0.2298	21.6306	-0.1878
-0.2298	21.6331	-0.1618
-0.2297	21.6365	-0.1532
-0.2297	21.6181	-0.2136
-0.2297	21.6205	-0.2093
-0.2296	21.6171	-0.2223
-0.2296	21.6271	-0.2007
-0.2290	21.6409	-0.1316
-0.2288	21.6332	-0.1704
-0.2280	21.6388	-0.1186
-0.2279	21.6334	-0.1359
-0.2279	21.6249	-0.1618
-0.2279	21.6345	-0.1143
-0.2277	21.6427	-0.1056
-0.2277	21.6288	-0.1531
-0.2277	21.6153	-0.2006
-0.2277	21.6216	-0.1790
-0.2277	21.6394	-0.1099
-0.2277	21.6125	-0.2136
-0.2277	21.6247	-0.1661
-0.2276	21.6278	-0.1574
-0.2276	21.6128	-0.2092
-0.2276	21.6344	-0.1272
-0.2275	21.6237	-0.1747
-0.2275	21.6073	-0.2222
-0.2275	21.6291	-0.1402
-0.2275	21.6289	-0.1489
-0.2275	21.6172	-0.1920
-0.2274	21.6100	-0.2178
-0.2274	21.6302	-0.1315
-0.2274	21.6291	-0.1445
-0.2274	21.6401	-0.0969
-0.2273	21.6142	-0.1962
-0.2273	21.6139	-0.1833
-0.2273	21.6106	-0.2049
-0.2273	21.6230	-0.1703
-0.2273	21.6167	-0.1877
-0.2272	21.6333	-0.1012
-0.2270	21.6299	-0.1229
-0.2263	21.6086	-0.1941
-0.2262	21.6005	-0.2199
-0.2259	21.6240	-0.1229
-0.2258	21.6227	-0.1315
-0.2257	21.6092	-0.1833
-0.2257	21.6315	-0.1099
-0.2257	21.6308	-0.0969
-0.2257	21.6204	-0.1444
-0.2257	21.6188	-0.1617
-0.2256	21.6176	-0.1530
-0.2256	21.6019	-0.1961
-0.2256	21.5996	-0.2134
-0.2255	21.5994	-0.2091
-0.2255	21.6286	-0.1186
-0.2255	21.6275	-0.1142
-0.2255	21.6123	-0.1746
-0.2255	21.6187	-0.1488
-0.2255	21.6018	-0.2048
-0.2255	21.6163	-0.1574
-0.2254	21.6131	-0.1660
-0.2254	21.6274	-0.1055
-0.2254	21.5989	-0.2004
-0.2253	21.5957	-0.2220
-0.2253	21.6090	-0.1703
-0.2252	21.6023	-0.1918
-0.2250	21.5963	-0.2113
-0.2250	21.6054	-0.1789
-0.2249	21.6195	-0.1358
-0.2246	21.5914	-0.2177
-0.2245	21.6198	-0.1271
-0.2245	21.6247	-0.1012
-0.2243	21.6169	-0.1400
-0.2242	21.6160	-0.1423
-0.2242	21.6148	-0.1552
-0.2242	21.5948	-0.1875
-0.2239	21.6006	-0.1767
-0.2239	21.5926	-0.2025
-0.2239	21.5908	-0.1982
-0.2238	21.5982	-0.1810
-0.2238	21.5836	-0.2197
-0.2237	21.5820	-0.2241
-0.2237	21.5907	-0.1939
-0.2236	21.6072	-0.1487
-0.2236	21.6160	-0.1098
-0.2235	21.6090	-0.1444
-0.2234	21.6184	-0.0968
-0.2234	21.6083	-0.1357
-0.2234	21.6140	-0.1228
-0.2234	21.5968	-0.1788
-0.2233	21.6134	-0.1185
-0.2233	21.6133	-0.1314
-0.2233	21.6084	-0.1401
-0.2232	21.5859	-0.2046
-0.2232	21.6122	-0.1270
-0.2231	21.6054	-0.1573
-0.2231	21.5990	-0.1702
-0.2230	21.5987	-0.1659
-0.2230	21.5979	-0.1745
-0.2230	21.5928	-0.1831
-0.2230	21.5888	-0.1960
-0.2230	21.6041	-0.1616
-0.2230	21.6003	-0.1529
-0.2229	21.5806	-0.2219
-0.2229	21.6147	-0.1012
-0.2228	21.6016	-0.1767
-0.2228	21.5857	-0.1874
-0.2228	21.5802	-0.2089
-0.2227	21.5782	-0.2175
-0.2227	21.5832	-0.2003
-0.2226	21.5794	-0.2133
-0.2225	21.6089	-0.1141
-0.2223	21.6098	-0.1055
-0.2220	21.5732	-0.2110
-0.2219	21.5788	-0.1916
-0.2219	21.5952	-0.1637
-0.2218	21.5751	-0.1938
-0.2218	21.5969	-0.1422
-0.2218	21.5637	-0.2239
-0.2217	21.5962	-0.1551
-0.2216	21.5933	-0.1594
-0.2215	21.5685	-0.2196
-0.2215	21.5724	-0.1980
-0.2214	21.5723	-0.2023
-0.2213	21.6067	-0.1011
-0.2213	21.5956	-0.1529
-0.2213	21.5822	-0.1809
-0.2212	21.5956	-0.1400
-0.2212	21.6052	-0.1184
-0.2211	21.5955	-0.1356
-0.2211	21.6049	-0.1098
-0.2211	21.6098	-0.1055
-0.2210	21.5611	-0.2174
-0.2210	21.5916	-0.1572
-0.2210	21.6037	-0.1141
-0.2209	21.5892	-0.1615
-0.2209	21.5989	-0.1313
-0.2209	21.5606	-0.2131
-0.2209	21.5654	-0.2001
-0.2208	21.5819	-0.1658
-0.2208	21.5775	-0.1765
-0.2207	21.5787	-0.1787
-0.2207	21.6030	-0.0968
-0.2207	21.5885	-0.1486
-0.2206	21.5635	-0.1958
-0.2206	21.5561	-0.2216
-0.2206	21.5726	-0.1269
-0.2206	21.5906	-0.1442
-0.2206	21.5689	-0.1915
-0.2206	21.5977	-0.1227
-0.2205	21.5590	-0.2087
-0.2205	21.5689	-0.1829
-0.2203	21.5569	-0.2044
-0.2201	21.5664	-0.1872
-0.2198	21.5712	-0.1743
-0.2198	21.5802	-0.1550
-0.2198	21.5884	-0.1421
-0.2196	21.5674	-0.1700
-0.2193	21.5683	-0.1635
-0.2193	21.5441	-0.2107
-0.2193	21.5732	-0.1592
-0.2192	21.5535	-0.1936
-0.2192	21.5498	-0.2021
-0.2192	21.5475	-0.1979
-0.2192	21.6001	-0.1054
-0.2191	21.5382	-0.2236
-0.2190	21.5557	-0.1807
-0.2190	21.5868	-0.1227
-0.2190	21.5851	-0.1312
-0.2189	21.6066	-0.0968
-0.2189	21.5811	-0.1442
-0.2189	21.5912	-0.1097
-0.2189	21.5376	-0.2193
-0.2188	21.5819	-0.1399
-0.2188	21.5958	-0.1011
-0.2188	21.5766	-0.1527
-0.2188	21.5665	-0.1613
-0.2187	21.5876	-0.1140
-0.2187	21.5413	-0.2129
-0.2186	21.5804	-0.1183
-0.2186	21.5694	-0.1570
-0.2185	21.5523	-0.1957
-0.2185	21.5632	-0.1656
-0.2185	21.5411	-0.1999
-0.2185	21.5389	-0.2171
-0.2184	21.5601	-0.1699
-0.2184	21.5716	-0.1485
-0.2184	21.5800	-0.1269
-0.2184	21.5385	-0.2085
-0.2184	21.5446	-0.2043
-0.2183	21.5479	-0.1914
-0.2183	21.5349	-0.2214
-0.2182	21.5494	-0.1828
-0.2181	21.5722	-0.1355
-0.2180	21.5545	-0.1785
-0.2180	21.5568	-0.1742
-0.2179	21.5469	-0.1871
-0.2174	21.5339	-0.1805
-0.2174	21.5593	-0.1419
-0.2173	21.5447	-0.1763
-0.2172	21.5519	-0.1591
-0.2171	21.5523	-0.1548
-0.2171	21.5337	-0.1977
-0.2170	21.5474	-0.1634
-0.2169	21.5805	-0.1096
-0.2168	21.5336	-0.1934
-0.2166	21.5852	-0.0967
-0.2165	21.5673	-0.1225
-0.2165	21.5732	-0.1139
-0.2165	21.5554	-0.1440
-0.2165	21.5778	-0.1053
-0.2163	21.5524	-0.1483
-0.2163	21.5584	-0.1311
-0.2162	21.5557	-0.1354
-0.2162	21.5557	-0.1396
-0.2162	21.5769	-0.1010
-0.2160	21.5723	-0.1183
-0.2160	21.5434	-0.1568
-0.2159	21.5360	-0.1784
-0.2159	21.5389	-0.1741
-0.2159	21.5399	-0.1698
-0.2157	21.5401	-0.1655
-0.2157	21.5401	-0.1611
-0.2156	21.5439	-0.1526
-0.2152	21.5548	-0.1268
-0.2151	21.5321	-0.1762
-0.2149	21.5443	-0.1417
-0.2146	21.5662	-0.1009
-0.2144	21.5323	-0.1546
-0.2142	21.5374	-0.1525
-0.2142	21.5409	-0.1396
-0.2140	21.5351	-0.1352
-0.2140	21.5515	-0.1138
-0.2139	21.5588	-0.0966
-0.2139	21.5543	-0.1182
-0.2138	21.5577	-0.1052
-0.2138	21.5405	-0.1267
-0.2138	21.5536	-0.1095
-0.2138	21.5375	-0.1482
-0.2138	21.5337	-0.1568
-0.2136	21.5375	-0.1309
-0.2136	21.5374	-0.1439
-0.2136	21.5461	-0.1224
-0.2121	21.5346	-0.1224
-0.2120	21.5466	-0.0965
-0.2119	21.5382	-0.1094
-0.2118	21.5352	-0.1137
-0.2117	21.5363	-0.1008
-0.2115	21.5367	-0.1051
