Положение X	Положение Y	Положение Z
0.1081	21.6714	-0.2008
0.1081	21.6693	-0.2324
0.1086	21.6719	-0.1772
0.1087	21.6711	-0.1929
0.1092	21.6697	-0.2245
0.1108	21.6713	-0.1615
0.1113	21.6675	-0.2087
0.1117	21.6675	-0.1772
0.1118	21.6725	-0.1378
0.1119	21.6690	-0.1535
0.1120	21.6664	-0.2166
0.1120	21.6712	-0.1299
0.1121	21.6692	-0.1693
0.1125	21.6740	-0.0984
0.1125	21.6674	-0.1929
0.1126	21.6646	-0.2008
0.1127	21.6642	-0.2244
0.1128	21.6651	-0.1850
0.1130	21.6619	-0.2322
0.1149	21.6607	-0.2283
0.1151	21.6707	-0.1141
0.1154	21.6683	-0.1062
0.1155	21.6670	-0.1299
0.1156	21.6598	-0.2244
0.1157	21.6622	-0.1692
0.1157	21.6570	-0.2322
0.1157	21.6600	-0.2007
0.1157	21.6595	-0.1928
0.1159	21.6629	-0.1535
0.1160	21.6712	-0.0983
0.1162	21.6589	-0.1771
0.1163	21.6603	-0.1850
0.1165	21.6663	-0.1220
0.1166	21.6575	-0.2164
0.1166	21.6619	-0.1456
0.1167	21.6559	-0.2085
0.1168	21.6637	-0.1378
0.1168	21.6619	-0.1614
0.1182	21.6544	-0.2283
0.1187	21.6618	-0.1259
0.1193	21.6520	-0.2085
0.1195	21.6590	-0.1692
0.1196	21.6583	-0.1298
0.1196	21.6550	-0.1771
0.1196	21.6541	-0.1849
0.1197	21.6481	-0.2321
0.1198	21.6580	-0.1456
0.1198	21.6520	-0.2007
0.1198	21.6525	-0.2164
0.1198	21.6590	-0.1377
0.1199	21.6652	-0.0984
0.1200	21.6612	-0.1220
0.1200	21.6611	-0.1062
0.1201	21.6537	-0.1613
0.1201	21.6495	-0.2243
0.1201	21.6624	-0.1141
0.1203	21.6511	-0.1927
0.1206	21.6541	-0.1534
0.1222	21.6526	-0.1731
0.1225	21.6549	-0.1259
0.1225	21.6528	-0.1574
0.1226	21.6473	-0.1809
0.1226	21.6490	-0.1888
0.1226	21.6526	-0.1495
0.1227	21.6461	-0.2203
0.1227	21.6475	-0.2046
0.1227	21.6479	-0.2124
0.1227	21.6448	-0.2281
0.1228	21.6513	-0.1456
0.1231	21.6457	-0.2085
0.1231	21.6501	-0.1613
0.1233	21.6446	-0.1770
0.1233	21.6498	-0.1534
0.1234	21.6521	-0.1652
0.1234	21.6556	-0.0983
0.1236	21.6451	-0.2006
0.1236	21.6449	-0.1849
0.1237	21.6518	-0.1377
0.1238	21.6505	-0.1219
0.1240	21.6519	-0.1062
0.1241	21.6441	-0.2242
0.1242	21.6466	-0.2321
0.1243	21.6444	-0.1927
0.1243	21.6468	-0.1691
0.1243	21.6498	-0.1298
0.1246	21.6530	-0.1140
0.1247	21.6422	-0.2163
0.1252	21.6461	-0.1652
0.1255	21.6413	-0.1809
0.1256	21.6435	-0.2045
0.1256	21.6473	-0.1573
0.1259	21.6385	-0.2281
0.1259	21.6496	-0.1259
0.1260	21.6387	-0.2202
0.1260	21.6394	-0.2123
0.1260	21.6475	-0.1415
0.1261	21.6448	-0.1179
0.1262	21.6431	-0.1888
0.1262	21.6476	-0.1494
0.1263	21.6499	-0.1337
0.1264	21.6428	-0.1730
0.1265	21.6405	-0.1966
0.1267	21.6421	-0.2006
0.1271	21.6395	-0.2320
0.1272	21.6458	-0.1062
0.1273	21.6335	-0.2162
0.1274	21.6440	-0.1297
0.1275	21.6377	-0.1926
0.1275	21.6431	-0.1533
0.1275	21.6456	-0.1219
0.1276	21.6360	-0.2241
0.1276	21.6470	-0.1140
0.1277	21.6376	-0.2084
0.1279	21.6397	-0.1690
0.1281	21.6458	-0.0983
0.1281	21.6386	-0.1848
0.1283	21.6441	-0.1376
0.1283	21.6353	-0.2280
0.1283	21.6385	-0.1769
0.1284	21.6400	-0.1612
0.1287	21.6365	-0.1808
0.1288	21.6422	-0.1455
0.1288	21.6403	-0.1651
0.1290	21.6448	-0.1258
0.1290	21.6409	-0.1494
0.1292	21.6377	-0.1729
0.1293	21.6394	-0.1573
0.1293	21.6329	-0.2201
0.1293	21.6373	-0.1966
0.1295	21.6362	-0.1887
0.1295	21.6328	-0.2123
0.1299	21.6395	-0.1415
0.1301	21.6412	-0.1179
0.1301	21.6423	-0.1336
0.1305	21.6335	-0.2044
0.1307	21.6358	-0.1690
0.1307	21.6289	-0.2240
0.1310	21.6381	-0.1297
0.1312	21.6353	-0.1612
0.1313	21.6313	-0.1926
0.1313	21.6284	-0.2162
0.1315	21.6408	-0.1140
0.1316	21.6308	-0.2084
0.1317	21.6374	-0.1376
0.1317	21.6329	-0.1848
0.1319	21.6393	-0.1061
0.1319	21.6400	-0.0983
0.1320	21.6375	-0.1219
0.1321	21.6308	-0.1768
0.1321	21.6355	-0.1533
0.1325	21.6272	-0.2319
0.1327	21.6370	-0.1455
0.1327	21.6274	-0.2122
0.1329	21.6302	-0.2005
0.1330	21.6289	-0.1886
0.1331	21.6267	-0.2201
0.1331	21.6313	-0.1965
0.1333	21.6344	-0.1179
0.1334	21.6283	-0.2044
0.1338	21.6358	-0.1336
0.1338	21.6291	-0.1729
0.1339	21.6325	-0.1414
0.1340	21.6327	-0.1651
0.1342	21.6330	-0.1257
0.1342	21.6343	-0.1100
0.1342	21.6346	-0.1572
0.1344	21.6307	-0.1808
0.1344	21.6252	-0.2279
0.1346	21.6318	-0.1493
0.1346	21.6346	-0.1376
0.1348	21.6284	-0.1768
0.1348	21.6301	-0.1611
0.1348	21.6259	-0.2004
0.1350	21.6275	-0.2083
0.1351	21.6306	-0.1532
0.1352	21.6259	-0.1847
0.1354	21.6248	-0.1925
0.1354	21.6272	-0.1689
0.1355	21.6307	-0.1218
0.1356	21.6319	-0.1061
0.1356	21.6357	-0.0983
0.1358	21.6326	-0.1139
0.1359	21.6228	-0.2240
0.1362	21.6275	-0.1454
0.1362	21.6216	-0.2161
0.1364	21.6311	-0.1297
0.1366	21.6226	-0.2043
0.1367	21.6207	-0.2318
0.1367	21.6282	-0.1414
0.1369	21.6221	-0.1492
0.1371	21.6271	-0.1650
0.1372	21.6230	-0.2122
0.1374	21.6214	-0.2279
0.1374	21.6239	-0.1807
0.1374	21.6288	-0.1336
0.1375	21.6222	-0.1728
0.1375	21.6273	-0.1257
0.1376	21.6282	-0.1572
0.1376	21.6195	-0.2200
0.1377	21.6251	-0.1178
0.1379	21.6268	-0.1100
0.1379	21.6204	-0.1885
0.1381	21.6216	-0.1964
0.1387	21.6247	-0.1061
0.1388	21.6192	-0.2161
0.1389	21.6221	-0.2004
0.1389	21.6228	-0.1296
0.1389	21.6210	-0.1689
0.1389	21.6255	-0.1139
0.1390	21.6184	-0.2318
0.1390	21.6176	-0.1924
0.1391	21.6167	-0.2239
0.1391	21.6221	-0.1454
0.1391	21.6230	-0.1532
0.1391	21.6242	-0.1218
0.1392	21.6301	-0.0982
0.1393	21.6197	-0.1846
0.1395	21.6203	-0.1610
0.1395	21.6194	-0.1768
0.1402	21.6187	-0.1375
0.1402	21.6190	-0.2082
0.1403	21.6130	-0.2278
0.1406	21.6204	-0.1571
0.1408	21.6186	-0.1492
0.1408	21.6225	-0.1650
0.1408	21.6190	-0.1728
0.1409	21.6220	-0.1335
0.1409	21.6144	-0.2200
0.1409	21.6157	-0.1964
0.1410	21.6216	-0.1257
0.1411	21.6203	-0.1414
0.1412	21.6167	-0.1807
0.1412	21.6206	-0.1178
0.1414	21.6167	-0.1885
0.1419	21.6196	-0.1100
0.1419	21.6172	-0.2043
0.1420	21.6146	-0.2121
0.1426	21.6150	-0.1689
0.1428	21.6195	-0.1296
0.1428	21.6102	-0.2238
0.1429	21.6183	-0.1217
0.1429	21.6133	-0.1453
0.1429	21.6094	-0.2317
0.1430	21.6149	-0.1846
0.1430	21.6150	-0.1374
0.1430	21.6156	-0.1610
0.1430	21.6119	-0.2160
0.1431	21.6183	-0.2082
0.1432	21.6097	-0.1924
0.1432	21.6190	-0.0982
0.1434	21.6187	-0.1139
0.1434	21.6128	-0.1767
0.1435	21.6218	-0.1532
0.1437	21.6169	-0.1060
0.1437	21.6149	-0.2003
0.1445	21.6077	-0.2199
0.1446	21.6167	-0.1335
0.1447	21.6126	-0.1964
0.1447	21.6104	-0.2042
0.1448	21.6114	-0.1885
0.1449	21.6154	-0.1178
0.1450	21.6134	-0.1649
0.1450	21.6111	-0.2120
0.1453	21.6119	-0.1610
0.1453	21.6099	-0.1727
0.1454	21.6151	-0.1099
0.1456	21.6123	-0.1571
0.1456	21.6083	-0.1806
0.1457	21.6116	-0.1413
0.1458	21.6131	-0.1257
0.1459	21.6099	-0.1492
0.1460	21.6031	-0.2276
0.1462	21.6110	-0.1217
0.1463	21.6125	-0.1453
0.1464	21.6094	-0.1767
0.1464	21.6103	-0.2081
0.1464	21.6141	-0.1374
0.1465	21.6110	-0.1531
0.1468	21.6074	-0.1845
0.1471	21.6025	-0.2238
0.1472	21.6121	-0.1060
0.1472	21.6151	-0.0982
0.1473	21.6002	-0.1923
0.1473	21.6012	-0.2316
0.1474	21.6108	-0.1295
0.1474	21.6015	-0.2159
0.1475	21.6073	-0.1688
0.1475	21.6134	-0.1138
0.1477	21.6048	-0.2002
0.1478	21.6068	-0.2042
0.1483	21.6022	-0.2120
0.1484	21.6065	-0.1727
0.1484	21.6050	-0.1805
0.1487	21.6084	-0.1413
0.1488	21.6065	-0.1491
0.1488	21.6088	-0.1099
0.1489	21.6078	-0.1256
0.1489	21.6070	-0.1570
0.1490	21.6003	-0.2276
0.1492	21.5987	-0.2198
0.1493	21.6061	-0.1177
0.1494	21.6033	-0.1649
0.1496	21.6008	-0.1884
0.1497	21.6060	-0.1334
0.1498	21.5985	-0.1962
0.1500	21.5997	-0.2316
0.1505	21.6060	-0.1060
0.1507	21.5991	-0.1923
0.1508	21.6068	-0.0981
0.1509	21.6068	-0.1138
0.1509	21.5959	-0.2237
0.1510	21.5956	-0.2158
0.1512	21.6012	-0.1687
0.1512	21.6004	-0.1530
0.1513	21.6015	-0.1295
0.1513	21.6020	-0.1452
0.1514	21.5949	-0.2001
0.1514	21.6047	-0.1374
0.1515	21.5956	-0.1844
0.1518	21.5934	-0.2080
0.1518	21.6027	-0.1217
0.1518	21.5987	-0.1766
0.1518	21.6009	-0.1609
0.1519	21.5987	-0.1570
0.1520	21.5986	-0.1726
0.1521	21.5978	-0.1805
0.1525	21.6010	-0.1491
0.1526	21.6011	-0.1256
0.1526	21.6010	-0.1099
0.1526	21.5924	-0.2197
0.1527	21.6019	-0.1177
0.1527	21.5947	-0.1884
0.1530	21.6003	-0.1648
0.1530	21.5939	-0.1962
0.1531	21.5994	-0.1412
0.1531	21.5942	-0.2276
0.1533	21.5984	-0.1334
0.1534	21.5900	-0.2118
0.1536	21.5893	-0.2040
0.1541	21.5917	-0.2237
0.1542	21.5955	-0.1687
0.1542	21.5912	-0.1923
0.1544	21.5978	-0.1216
0.1545	21.5939	-0.1609
0.1545	21.5888	-0.2158
0.1545	21.5904	-0.2001
0.1545	21.5899	-0.2079
0.1546	21.5977	-0.1373
0.1546	21.5931	-0.1137
0.1549	21.5917	-0.1844
0.1549	21.5935	-0.1452
0.1549	21.5947	-0.1294
0.1551	21.5933	-0.1530
0.1552	21.5922	-0.1765
0.1552	21.5973	-0.0981
0.1552	21.5887	-0.2315
0.1553	21.6000	-0.1059
0.1560	21.5936	-0.1648
0.1563	21.5984	-0.1177
0.1564	21.5887	-0.2197
0.1565	21.5871	-0.2275
0.1566	21.5859	-0.1961
0.1566	21.5877	-0.2118
0.1566	21.5882	-0.2040
0.1569	21.5884	-0.1725
0.1569	21.5919	-0.1333
0.1569	21.5958	-0.1098
0.1569	21.5865	-0.1883
0.1570	21.5942	-0.1412
0.1573	21.5887	-0.1569
0.1574	21.5933	-0.1255
0.1574	21.5883	-0.1804
0.1575	21.5916	-0.1490
0.1577	21.5847	-0.1608
0.1577	21.5914	-0.1216
0.1578	21.5934	-0.1452
0.1578	21.5818	-0.2157
0.1579	21.5840	-0.2078
0.1579	21.5896	-0.1294
0.1580	21.5852	-0.1765
0.1581	21.5883	-0.1529
0.1582	21.5842	-0.2000
0.1583	21.5931	-0.1059
0.1584	21.5889	-0.1373
0.1585	21.5866	-0.1843
0.1586	21.5839	-0.2314
0.1588	21.5814	-0.2235
0.1588	21.5950	-0.0981
0.1590	21.5865	-0.1686
0.1592	21.5823	-0.1921
0.1593	21.5911	-0.1137
0.1599	21.5878	-0.1411
0.1599	21.5890	-0.2040
0.1600	21.5700	-0.2273
0.1602	21.5888	-0.1490
0.1602	21.5802	-0.2117
0.1604	21.5791	-0.2196
0.1604	21.5918	-0.1098
0.1606	21.5799	-0.1803
0.1606	21.5858	-0.1333
0.1606	21.5820	-0.1725
0.1607	21.5867	-0.1255
0.1610	21.5868	-0.1176
0.1610	21.5791	-0.1882
0.1610	21.5806	-0.1960
0.1610	21.5820	-0.1568
0.1611	21.5839	-0.1647
0.1617	21.5774	-0.2000
0.1617	21.5752	-0.2156
0.1619	21.5786	-0.1843
0.1620	21.5807	-0.1765
0.1621	21.5874	-0.1059
0.1622	21.5857	-0.1137
0.1622	21.5748	-0.2235
0.1623	21.5838	-0.1529
0.1623	21.5857	-0.1373
0.1623	21.5865	-0.0980
0.1623	21.5702	-0.2313
0.1625	21.5754	-0.1921
0.1625	21.5791	-0.1686
0.1627	21.5817	-0.1451
0.1632	21.5846	-0.1216
0.1632	21.5789	-0.1607
0.1633	21.5738	-0.2077
0.1634	21.5800	-0.1294
0.1637	21.5728	-0.2273
0.1638	21.5827	-0.1255
0.1639	21.5803	-0.1490
0.1639	21.5740	-0.1882
0.1639	21.5759	-0.1724
0.1640	21.5821	-0.1333
0.1642	21.5823	-0.1411
0.1642	21.5846	-0.1098
0.1643	21.5760	-0.1803
0.1643	21.5823	-0.1176
0.1646	21.5795	-0.1568
0.1647	21.5729	-0.1960
0.1647	21.5729	-0.2195
0.1647	21.5791	-0.1647
0.1649	21.5701	-0.2116
0.1649	21.5745	-0.2039
0.1656	21.5706	-0.1920
0.1656	21.5682	-0.2234
0.1657	21.5777	-0.1372
0.1659	21.5741	-0.1685
0.1659	21.5717	-0.1842
0.1660	21.5673	-0.2312
0.1661	21.5742	-0.1607
0.1661	21.5776	-0.1451
0.1661	21.5791	-0.1215
0.1662	21.5749	-0.2078
0.1662	21.5738	-0.1764
0.1663	21.5816	-0.1137
0.1664	21.5777	-0.1293
0.1665	21.5691	-0.1999
0.1666	21.5817	-0.0980
0.1668	21.5659	-0.2155
0.1669	21.5767	-0.1058
0.1670	21.5730	-0.1528
0.1674	21.5749	-0.1646
0.1676	21.5675	-0.2273
0.1676	21.5752	-0.1175
0.1677	21.5738	-0.1568
0.1678	21.5693	-0.1959
0.1678	21.5677	-0.2038
0.1681	21.5659	-0.2116
0.1681	21.5685	-0.2195
0.1684	21.5654	-0.1881
0.1685	21.5689	-0.1607
0.1685	21.5758	-0.1332
0.1685	21.5758	-0.1097
0.1685	21.5721	-0.1724
0.1689	21.5725	-0.1802
0.1690	21.5718	-0.1450
0.1690	21.5717	-0.1411
0.1690	21.5748	-0.1215
0.1692	21.5759	-0.1254
0.1694	21.5715	-0.1489
0.1696	21.5635	-0.2076
0.1698	21.5741	-0.1293
0.1699	21.5687	-0.1764
0.1701	21.5710	-0.1058
0.1701	21.5735	-0.0980
0.1701	21.5666	-0.1528
0.1702	21.5611	-0.2155
0.1702	21.5633	-0.1998
0.1705	21.5634	-0.2234
0.1706	21.5622	-0.2312
0.1708	21.5662	-0.1685
0.1709	21.5698	-0.1136
0.1711	21.5624	-0.1920
0.1711	21.5706	-0.1372
0.1712	21.5636	-0.2038
0.1712	21.5642	-0.1841
0.1712	21.5666	-0.1567
0.1715	21.5596	-0.2115
0.1717	21.5671	-0.1410
0.1719	21.5627	-0.1802
0.1719	21.5679	-0.1489
0.1720	21.5701	-0.1254
0.1721	21.5635	-0.1881
0.1721	21.5644	-0.1724
0.1722	21.5693	-0.1097
0.1722	21.5708	-0.1332
0.1723	21.5596	-0.2194
0.1725	21.5584	-0.1958
0.1725	21.5675	-0.1175
0.1725	21.5642	-0.1646
0.1727	21.5591	-0.2272
0.1732	21.5560	-0.2155
0.1733	21.5593	-0.1998
0.1734	21.5661	-0.1058
0.1736	21.5555	-0.2233
0.1737	21.5605	-0.1919
0.1738	21.5616	-0.1528
0.1738	21.5568	-0.2312
0.1739	21.5688	-0.0980
0.1739	21.5656	-0.1371
0.1740	21.5655	-0.1214
0.1742	21.5656	-0.1136
0.1742	21.5569	-0.2076
0.1743	21.5644	-0.1293
0.1745	21.5576	-0.1763
0.1746	21.5610	-0.1684
0.1746	21.5615	-0.1606
0.1748	21.5640	-0.1450
0.1748	21.5563	-0.1841
0.1750	21.5644	-0.1254
0.1752	21.5595	-0.1801
0.1755	21.5556	-0.1880
0.1756	21.5598	-0.1488
0.1757	21.5519	-0.2271
0.1757	21.5580	-0.1723
0.1758	21.5638	-0.1332
0.1758	21.5641	-0.1097
0.1758	21.5610	-0.1175
0.1760	21.5531	-0.1958
0.1760	21.5547	-0.2193
0.1760	21.5574	-0.1645
0.1762	21.5578	-0.1567
0.1763	21.5615	-0.1410
0.1766	21.5522	-0.2115
0.1767	21.5529	-0.2037
0.1772	21.5478	-0.1919
0.1772	21.5461	-0.2232
0.1774	21.5478	-0.2075
0.1774	21.5503	-0.1762
0.1774	21.5588	-0.1371
0.1775	21.5538	-0.1684
0.1776	21.5530	-0.2311
0.1777	21.5583	-0.1136
0.1779	21.5548	-0.1527
0.1779	21.5568	-0.1292
0.1780	21.5361	-0.2153
0.1780	21.5513	-0.1997
0.1780	21.5568	-0.1214
0.1781	21.5564	-0.0979
0.1782	21.5585	-0.1057
0.1782	21.5570	-0.1449
0.1783	21.5533	-0.1841
0.1785	21.5585	-0.1606
0.1793	21.5523	-0.1645
0.1793	21.5449	-0.2270
0.1795	21.5451	-0.2193
0.1796	21.5445	-0.2036
0.1797	21.5551	-0.1175
0.1798	21.5446	-0.2114
0.1798	21.5473	-0.1566
0.1799	21.5439	-0.1879
0.1800	21.5430	-0.1957
0.1800	21.5480	-0.1722
0.1800	21.5509	-0.1409
0.1800	21.5529	-0.1331
0.1801	21.5590	-0.1096
0.1804	21.5433	-0.1800
0.1804	21.5519	-0.1253
0.1807	21.5510	-0.1488
0.1807	21.5495	-0.1449
0.1811	21.5420	-0.2310
0.1812	21.5415	-0.2074
0.1813	21.5430	-0.1840
0.1814	21.5494	-0.1214
0.1814	21.5473	-0.1292
0.1814	21.5463	-0.1526
0.1815	21.5450	-0.1683
0.1817	21.5632	-0.0979
0.1818	21.5470	-0.1762
0.1818	21.5501	-0.1057
0.1820	21.5476	-0.1370
0.1822	21.5464	-0.1605
0.1822	21.5473	-0.1997
0.1824	21.5380	-0.1918
0.1824	21.5456	-0.1135
0.1829	21.5404	-0.2035
0.1831	21.5382	-0.1957
0.1833	21.5404	-0.2114
0.1834	21.5437	-0.1487
0.1834	21.5439	-0.1409
0.1836	21.5440	-0.1566
0.1836	21.5386	-0.1800
0.1836	21.5396	-0.1722
0.1837	21.5453	-0.1096
0.1837	21.5385	-0.2192
0.1838	21.5470	-0.1252
0.1838	21.5449	-0.1330
0.1840	21.5395	-0.1879
0.1840	21.5423	-0.1644
0.1840	21.5449	-0.1174
0.1854	21.5406	-0.1135
0.1855	21.5410	-0.2074
0.1855	21.5462	-0.1057
0.1855	21.5395	-0.1448
0.1855	21.5479	-0.0979
0.1855	21.5469	-0.1762
0.1856	21.5569	-0.1214
0.1859	21.5413	-0.1840
0.1859	21.5494	-0.1292
0.1860	21.5446	-0.1370
0.1862	21.5434	-0.2232
0.1869	21.5399	-0.1487
0.1870	21.5411	-0.1330
0.1870	21.5425	-0.1095
0.1870	21.5398	-0.1722
0.1872	21.5419	-0.1174
0.1872	21.5400	-0.1800
0.1877	21.5411	-0.1252
0.1877	21.5415	-0.1408
0.1895	21.5453	-0.1135
0.1899	21.5445	-0.0978
