Положение X	Положение Y	Положение Z
0.1279	21.6689	-0.1888
0.1282	21.6695	-0.2074
0.1283	21.6662	-0.2135
0.1286	21.6679	-0.2259
0.1287	21.6665	-0.2197
0.1309	21.6650	-0.1764
0.1310	21.6621	-0.1888
0.1311	21.6601	-0.2135
0.1311	21.6625	-0.2011
0.1313	21.6624	-0.1949
0.1314	21.6689	-0.1393
0.1314	21.6599	-0.1826
0.1314	21.6660	-0.1640
0.1315	21.6566	-0.2259
0.1316	21.6617	-0.1702
0.1316	21.6640	-0.1516
0.1316	21.6704	-0.1269
0.1317	21.6668	-0.1579
0.1318	21.6609	-0.2073
0.1318	21.6578	-0.2196
0.1319	21.6642	-0.1454
0.1331	21.6612	-0.1547
0.1339	21.6599	-0.1516
0.1340	21.6505	-0.2072
0.1340	21.6511	-0.1825
0.1340	21.6474	-0.2258
0.1342	21.6639	-0.1207
0.1343	21.6652	-0.1269
0.1343	21.6655	-0.1083
0.1343	21.6448	-0.2195
0.1343	21.6555	-0.1578
0.1344	21.6600	-0.1392
0.1345	21.6604	-0.1331
0.1345	21.6522	-0.1639
0.1346	21.6654	-0.1021
0.1346	21.6508	-0.1948
0.1346	21.6458	-0.2133
0.1346	21.6535	-0.1453
0.1346	21.6511	-0.1701
0.1347	21.6493	-0.1886
0.1348	21.6496	-0.1763
0.1350	21.6628	-0.1145
0.1353	21.6467	-0.2010
0.1357	21.6543	-0.1546
0.1365	21.6439	-0.1701
0.1368	21.6358	-0.2132
0.1368	21.6391	-0.2009
0.1370	21.6395	-0.1762
0.1370	21.6404	-0.1886
0.1370	21.6526	-0.1268
0.1371	21.6383	-0.2071
0.1372	21.6387	-0.1824
0.1372	21.6508	-0.1330
0.1372	21.6465	-0.1577
0.1372	21.6524	-0.1021
0.1373	21.6312	-0.2194
0.1373	21.6545	-0.1083
0.1374	21.6436	-0.1638
0.1374	21.6488	-0.1206
0.1374	21.6497	-0.1391
0.1374	21.6472	-0.1453
0.1376	21.6482	-0.1515
0.1376	21.6404	-0.1947
0.1376	21.6304	-0.2256
0.1386	21.6427	-0.1143
0.1392	21.6267	-0.2225
0.1393	21.6265	-0.2162
0.1394	21.6392	-0.1545
0.1398	21.6312	-0.1761
0.1399	21.6269	-0.2131
0.1400	21.6282	-0.2008
0.1400	21.6283	-0.1885
0.1402	21.6386	-0.1020
0.1402	21.6227	-0.2193
0.1402	21.6396	-0.1206
0.1403	21.6366	-0.1514
0.1403	21.6236	-0.2255
0.1403	21.6342	-0.1638
0.1403	21.6372	-0.1390
0.1404	21.6363	-0.1452
0.1404	21.6373	-0.1082
0.1405	21.6343	-0.1576
0.1405	21.6329	-0.1329
0.1405	21.6365	-0.1267
0.1407	21.6296	-0.1700
0.1407	21.6281	-0.1946
0.1409	21.6361	-0.1143
0.1410	21.6277	-0.2070
0.1410	21.6275	-0.1823
0.1416	21.6322	-0.1545
0.1417	21.6215	-0.2162
0.1418	21.6272	-0.1730
0.1418	21.6167	-0.2224
0.1419	21.6239	-0.1977
0.1419	21.6222	-0.2100
0.1419	21.6197	-0.2038
0.1419	21.6303	-0.1606
0.1419	21.6232	-0.1853
0.1422	21.6237	-0.1791
0.1422	21.6270	-0.1483
0.1423	21.6299	-0.1359
0.1423	21.6218	-0.1915
0.1427	21.6251	-0.1668
0.1429	21.6222	-0.1823
0.1429	21.6232	-0.1513
0.1429	21.6255	-0.1205
0.1430	21.6182	-0.2069
0.1430	21.6098	-0.2253
0.1431	21.6133	-0.2192
0.1432	21.6262	-0.1452
0.1432	21.6194	-0.1945
0.1433	21.6232	-0.1328
0.1433	21.6258	-0.1081
0.1433	21.6260	-0.1267
0.1433	21.6236	-0.1637
0.1433	21.6237	-0.1575
0.1433	21.6247	-0.1390
0.1434	21.6274	-0.1020
0.1435	21.6202	-0.1761
0.1435	21.6192	-0.1699
0.1435	21.6242	-0.1143
0.1435	21.6146	-0.2130
0.1438	21.6150	-0.1883
0.1439	21.6157	-0.2007
0.1443	21.6179	-0.1544
0.1444	21.6165	-0.1729
0.1445	21.6186	-0.1606
0.1446	21.6122	-0.2099
0.1447	21.6121	-0.1914
0.1447	21.6185	-0.1359
0.1448	21.6112	-0.1852
0.1449	21.6181	-0.1297
0.1449	21.6186	-0.1235
0.1450	21.6108	-0.2037
0.1451	21.6178	-0.1667
0.1451	21.6039	-0.2222
0.1451	21.6128	-0.1791
0.1452	21.6110	-0.2161
0.1453	21.6187	-0.1111
0.1453	21.6140	-0.1420
0.1454	21.6189	-0.1173
0.1454	21.6076	-0.1975
0.1455	21.6119	-0.1482
0.1457	21.6042	-0.2129
0.1457	21.6074	-0.1883
0.1458	21.6099	-0.1698
0.1458	21.6149	-0.1389
0.1459	21.6085	-0.1760
0.1460	21.6084	-0.1821
0.1460	21.6154	-0.1266
0.1461	21.6179	-0.1019
0.1461	21.6067	-0.2006
0.1461	21.6082	-0.2068
0.1461	21.6105	-0.1574
0.1462	21.5986	-0.2253
0.1462	21.6143	-0.1328
0.1462	21.6105	-0.1636
0.1462	21.6115	-0.1451
0.1462	21.6077	-0.1944
0.1462	21.5998	-0.2191
0.1463	21.6150	-0.1143
0.1463	21.6154	-0.1081
0.1465	21.6089	-0.1512
0.1467	21.6135	-0.1204
0.1470	21.6081	-0.1666
0.1474	21.6053	-0.1481
0.1474	21.5978	-0.2097
0.1475	21.5991	-0.2036
0.1476	21.6112	-0.1173
0.1477	21.6018	-0.1851
0.1477	21.6050	-0.1728
0.1477	21.6066	-0.1420
0.1478	21.6073	-0.1296
0.1479	21.6037	-0.1789
0.1479	21.5928	-0.2221
0.1479	21.6107	-0.1235
0.1481	21.5983	-0.2160
0.1482	21.5964	-0.1913
0.1483	21.6102	-0.1111
0.1484	21.6027	-0.1543
0.1485	21.5970	-0.1975
0.1485	21.6011	-0.1604
0.1486	21.6029	-0.1357
0.1488	21.6048	-0.1512
0.1489	21.5862	-0.2251
0.1489	21.5952	-0.1943
0.1490	21.5962	-0.1697
0.1490	21.5983	-0.1759
0.1490	21.5930	-0.1882
0.1490	21.5950	-0.2005
0.1491	21.5917	-0.2128
0.1492	21.6017	-0.1204
0.1492	21.5866	-0.2189
0.1493	21.6023	-0.1142
0.1494	21.6033	-0.1265
0.1494	21.6046	-0.1080
0.1494	21.5969	-0.1573
0.1495	21.6003	-0.1327
0.1496	21.5942	-0.1820
0.1496	21.6003	-0.1388
0.1496	21.6072	-0.1019
0.1497	21.5889	-0.2066
0.1497	21.5950	-0.1635
0.1499	21.5977	-0.1450
0.1501	21.5833	-0.2158
0.1502	21.5974	-0.1418
0.1504	21.5943	-0.1481
0.1506	21.5866	-0.1974
0.1506	21.5832	-0.2220
0.1507	21.5882	-0.1542
0.1508	21.5771	-0.2095
0.1509	21.5970	-0.1234
0.1509	21.5891	-0.1603
0.1509	21.5869	-0.1850
0.1509	21.5919	-0.1295
0.1510	21.5862	-0.2035
0.1510	21.5946	-0.1357
0.1511	21.5868	-0.1912
0.1511	21.5870	-0.1788
0.1511	21.5854	-0.1727
0.1512	21.5965	-0.1172
0.1513	21.5991	-0.1110
0.1515	21.5870	-0.1665
0.1517	21.5733	-0.2188
0.1519	21.5847	-0.1511
0.1519	21.5735	-0.2250
0.1519	21.5908	-0.1388
0.1519	21.5918	-0.1203
0.1519	21.5951	-0.1141
0.1520	21.5788	-0.2065
0.1520	21.5861	-0.1573
0.1520	21.5871	-0.1634
0.1520	21.5820	-0.1819
0.1521	21.5927	-0.1265
0.1522	21.5820	-0.1758
0.1522	21.5822	-0.1942
0.1523	21.5896	-0.1326
0.1523	21.5976	-0.1018
0.1523	21.5874	-0.1449
0.1525	21.5738	-0.2126
0.1527	21.5800	-0.1880
0.1527	21.5941	-0.1080
0.1527	21.5818	-0.1911
0.1528	21.5735	-0.2003
0.1532	21.5814	-0.1603
0.1532	21.5863	-0.1357
0.1534	21.5864	-0.1542
0.1534	21.5734	-0.1972
0.1535	21.5910	-0.1110
0.1537	21.5758	-0.1787
0.1537	21.5760	-0.1849
0.1537	21.5847	-0.1418
0.1537	21.5674	-0.2094
0.1537	21.5867	-0.1233
0.1538	21.5700	-0.2033
0.1539	21.5888	-0.1172
0.1539	21.5775	-0.1664
0.1540	21.5764	-0.1726
0.1540	21.5667	-0.2157
0.1541	21.5852	-0.1295
0.1544	21.5827	-0.1480
0.1545	21.5605	-0.2218
0.1547	21.5727	-0.1818
0.1548	21.5778	-0.1448
0.1548	21.5601	-0.2125
0.1549	21.5811	-0.1387
0.1549	21.5837	-0.1264
0.1550	21.5631	-0.2064
0.1550	21.5660	-0.2003
0.1550	21.5823	-0.1326
0.1550	21.5711	-0.1757
0.1550	21.5916	-0.1018
0.1550	21.5747	-0.1572
0.1551	21.5719	-0.1633
0.1552	21.5826	-0.1141
0.1553	21.5684	-0.1879
0.1554	21.5815	-0.1202
0.1554	21.5732	-0.1510
0.1554	21.5840	-0.1079
0.1554	21.5585	-0.2248
0.1555	21.5576	-0.2186
0.1555	21.5642	-0.1940
0.1563	21.5663	-0.1848
0.1564	21.5794	-0.1171
0.1564	21.5516	-0.2216
0.1564	21.5651	-0.1663
0.1565	21.5666	-0.1725
0.1565	21.5551	-0.2032
0.1566	21.5525	-0.2094
0.1566	21.5469	-0.2155
0.1566	21.5711	-0.1479
0.1567	21.5662	-0.1786
0.1568	21.5750	-0.1233
0.1568	21.5762	-0.1294
0.1568	21.5705	-0.1417
0.1569	21.5560	-0.1971
0.1570	21.5791	-0.1109
0.1571	21.5684	-0.1602
0.1571	21.5650	-0.1910
0.1572	21.5752	-0.1356
0.1574	21.5713	-0.1540
0.1578	21.5432	-0.2123
0.1579	21.5492	-0.2001
0.1579	21.5605	-0.1756
0.1580	21.5571	-0.1878
0.1582	21.5413	-0.2247
0.1582	21.5759	-0.1079
0.1582	21.5648	-0.1447
0.1583	21.5698	-0.1202
0.1583	21.5610	-0.1571
0.1584	21.5609	-0.1509
0.1584	21.5708	-0.1140
0.1585	21.5449	-0.2185
0.1585	21.5650	-0.1325
0.1585	21.5482	-0.2062
0.1586	21.5556	-0.1939
0.1587	21.5673	-0.1386
0.1588	21.5561	-0.1632
0.1589	21.5691	-0.1263
0.1592	21.5753	-0.1017
0.1594	21.5509	-0.1817
0.1595	21.5543	-0.1478
0.1595	21.5488	-0.1539
0.1596	21.5554	-0.1416
0.1596	21.5610	-0.1293
0.1597	21.5450	-0.1785
0.1598	21.5376	-0.2030
0.1598	21.5435	-0.1846
0.1598	21.5408	-0.1969
0.1598	21.5441	-0.1908
0.1598	21.5634	-0.1232
0.1599	21.5656	-0.1109
0.1599	21.5563	-0.1355
0.1600	21.5474	-0.1600
0.1600	21.5618	-0.1170
0.1601	21.5461	-0.1724
0.1605	21.5536	-0.1632
0.1606	21.5456	-0.1661
0.1608	21.5492	-0.1508
0.1608	21.5523	-0.1385
0.1609	21.5607	-0.1201
0.1610	21.5401	-0.1754
0.1611	21.5532	-0.1447
0.1611	21.5379	-0.1815
0.1611	21.5671	-0.1017
0.1612	21.5539	-0.1324
0.1612	21.5573	-0.1263
0.1614	21.5583	-0.1140
0.1616	21.5435	-0.1570
0.1617	21.5575	-0.1078
0.1619	21.5406	-0.1600
0.1620	21.5523	-0.1108
0.1622	21.5427	-0.1354
0.1622	21.5397	-0.1538
0.1625	21.5409	-0.1415
0.1625	21.5437	-0.1292
0.1626	21.5473	-0.1231
0.1629	21.5460	-0.1169
0.1637	21.5401	-0.1323
0.1638	21.5387	-0.1754
0.1639	21.5421	-0.1262
0.1639	21.5448	-0.1016
0.1640	21.5467	-0.1077
0.1642	21.5430	-0.1138
0.1647	21.5419	-0.1200
