Положение X	Положение Y	Положение Z
0.4854	21.6713	-0.1983
0.4854	21.6724	-0.1860
0.4858	21.6722	-0.2231
0.4859	21.6708	-0.1736
0.4859	21.6723	-0.2169
0.4860	21.6699	-0.1797
0.4862	21.6737	-0.2355
0.4862	21.6675	-0.2478
0.4863	21.6717	-0.2045
0.4864	21.6709	-0.2107
0.4865	21.6732	-0.1674
0.4866	21.6714	-0.2417
0.4868	21.6691	-0.2293
0.4869	21.6691	-0.1921
0.4885	21.6648	-0.2230
0.4887	21.6637	-0.1797
0.4887	21.6642	-0.1673
0.4888	21.6646	-0.1983
0.4888	21.6650	-0.2478
0.4888	21.6654	-0.2354
0.4888	21.6632	-0.1735
0.4889	21.6654	-0.2169
0.4889	21.6653	-0.1921
0.4890	21.6659	-0.2107
0.4891	21.6632	-0.1859
0.4891	21.6652	-0.2292
0.4892	21.6635	-0.2045
0.4893	21.6657	-0.2416
0.4901	21.6638	-0.1642
0.4912	21.6550	-0.1735
0.4914	21.6593	-0.2415
0.4914	21.6578	-0.1920
0.4914	21.6599	-0.2168
0.4915	21.6544	-0.1796
0.4915	21.6529	-0.2477
0.4916	21.6565	-0.2106
0.4917	21.6571	-0.2292
0.4918	21.6605	-0.1673
0.4918	21.6564	-0.1982
0.4919	21.6553	-0.2353
0.4920	21.6547	-0.1858
0.4925	21.6555	-0.2229
0.4927	21.6497	-0.2043
0.4929	21.6530	-0.1703
0.4930	21.6469	-0.1641
0.4943	21.6483	-0.1981
0.4943	21.6493	-0.1858
0.4944	21.6484	-0.2414
0.4944	21.6486	-0.1734
0.4945	21.6476	-0.2291
0.4945	21.6464	-0.2476
0.4946	21.6450	-0.1795
0.4946	21.6483	-0.2167
0.4946	21.6487	-0.2353
0.4947	21.6510	-0.2044
0.4947	21.6496	-0.2105
0.4949	21.6455	-0.2228
0.4949	21.6496	-0.1920
0.4950	21.6472	-0.1672
0.4951	21.6465	-0.1765
0.4957	21.6443	-0.2259
0.4959	21.6433	-0.1702
0.4959	21.6439	-0.2321
0.4960	21.6420	-0.2135
0.4962	21.6440	-0.2383
0.4963	21.6434	-0.1641
0.4970	21.6396	-0.2352
0.4972	21.6432	-0.2043
0.4973	21.6416	-0.1918
0.4973	21.6387	-0.1857
0.4974	21.6413	-0.2166
0.4975	21.6384	-0.2228
0.4975	21.6398	-0.2104
0.4975	21.6387	-0.1980
0.4976	21.6376	-0.2475
0.4977	21.6382	-0.1733
0.4977	21.6364	-0.1795
0.4977	21.6396	-0.2413
0.4977	21.6382	-0.2290
0.4977	21.6384	-0.1671
0.4985	21.6383	-0.1764
0.4986	21.6369	-0.2011
0.4986	21.6345	-0.1949
0.4986	21.6342	-0.2444
0.4986	21.6357	-0.2197
0.4986	21.6345	-0.1640
0.4987	21.6332	-0.1887
0.4987	21.6344	-0.2134
0.4989	21.6355	-0.2320
0.4989	21.6328	-0.2258
0.4990	21.6347	-0.2381
0.4990	21.6358	-0.2073
0.4992	21.6349	-0.1702
0.4998	21.6328	-0.2227
0.4999	21.6320	-0.1918
0.5000	21.6288	-0.2041
0.5001	21.6307	-0.1794
0.5002	21.6312	-0.2104
0.5003	21.6313	-0.2289
0.5004	21.6304	-0.1979
0.5004	21.6304	-0.1733
0.5007	21.6307	-0.2412
0.5007	21.6300	-0.1856
0.5007	21.6304	-0.2165
0.5007	21.6270	-0.2474
0.5009	21.6301	-0.2351
0.5013	21.6285	-0.1670
0.5013	21.6277	-0.2257
0.5014	21.6277	-0.2319
0.5014	21.6315	-0.1640
0.5015	21.6278	-0.1886
0.5015	21.6264	-0.1824
0.5015	21.6284	-0.2072
0.5015	21.6337	-0.1764
0.5018	21.6278	-0.2381
0.5018	21.6261	-0.2196
0.5018	21.6277	-0.2443
0.5018	21.6282	-0.2010
0.5018	21.6260	-0.1701
0.5019	21.6260	-0.1948
0.5019	21.6264	-0.2134
0.5028	21.6214	-0.1978
0.5028	21.6231	-0.2288
0.5028	21.6232	-0.2103
0.5028	21.6238	-0.1855
0.5030	21.6215	-0.2473
0.5031	21.6229	-0.1794
0.5031	21.6221	-0.2165
0.5033	21.6210	-0.2226
0.5034	21.6212	-0.1732
0.5035	21.6212	-0.2350
0.5035	21.6227	-0.1670
0.5036	21.6188	-0.2041
0.5037	21.6219	-0.1917
0.5037	21.6238	-0.2412
0.5040	21.6208	-0.1701
0.5040	21.6195	-0.2071
0.5040	21.6199	-0.2133
0.5041	21.6190	-0.2256
0.5042	21.6193	-0.2380
0.5043	21.6200	-0.2195
0.5044	21.6191	-0.1886
0.5045	21.6186	-0.1947
0.5045	21.6173	-0.2009
0.5046	21.6197	-0.1762
0.5046	21.6196	-0.1824
0.5047	21.6207	-0.1639
0.5048	21.6169	-0.2319
0.5048	21.6181	-0.2442
0.5055	21.6156	-0.2473
0.5057	21.6183	-0.1670
0.5058	21.6155	-0.2102
0.5059	21.6142	-0.1855
0.5059	21.6153	-0.2411
0.5059	21.6154	-0.1917
0.5060	21.6127	-0.1731
0.5060	21.6132	-0.2225
0.5060	21.6140	-0.1978
0.5061	21.6140	-0.2287
0.5062	21.6124	-0.2040
0.5062	21.6145	-0.2164
0.5063	21.6120	-0.1793
0.5063	21.6135	-0.1947
0.5064	21.6131	-0.2349
0.5066	21.6127	-0.1823
0.5070	21.6113	-0.1885
0.5071	21.6078	-0.1638
0.5072	21.6114	-0.2009
0.5073	21.6124	-0.2379
0.5074	21.6100	-0.2194
0.5074	21.6092	-0.2255
0.5074	21.6116	-0.2318
0.5074	21.6090	-0.2070
0.5076	21.6117	-0.1762
0.5076	21.6091	-0.2441
0.5076	21.6101	-0.2132
0.5078	21.6107	-0.1700
0.5085	21.6057	-0.2224
0.5086	21.6076	-0.1916
0.5087	21.6093	-0.1977
0.5087	21.6069	-0.1669
0.5087	21.6042	-0.1792
0.5088	21.6068	-0.2286
0.5089	21.6065	-0.2410
0.5089	21.6056	-0.2039
0.5091	21.6060	-0.2163
0.5091	21.6051	-0.2348
0.5092	21.6037	-0.2471
0.5092	21.6054	-0.1731
0.5092	21.6048	-0.2101
0.5094	21.6033	-0.1884
0.5094	21.6021	-0.1854
0.5096	21.6039	-0.2440
0.5097	21.6090	-0.1638
0.5097	21.6047	-0.2317
0.5097	21.6047	-0.1761
0.5100	21.6014	-0.1946
0.5100	21.6044	-0.2132
0.5100	21.6049	-0.2008
0.5101	21.6046	-0.2255
0.5102	21.6031	-0.2070
0.5102	21.6014	-0.1822
0.5102	21.6009	-0.2193
0.5102	21.6019	-0.1699
0.5106	21.6002	-0.2378
0.5113	21.5978	-0.1853
0.5114	21.5983	-0.2100
0.5115	21.5990	-0.2162
0.5115	21.5988	-0.1976
0.5116	21.5977	-0.2285
0.5116	21.5988	-0.2038
0.5116	21.5952	-0.1791
0.5117	21.5989	-0.2347
0.5118	21.5960	-0.2223
0.5119	21.5980	-0.1730
0.5121	21.5982	-0.1668
0.5121	21.5983	-0.2409
0.5123	21.5952	-0.2470
0.5123	21.5949	-0.2439
0.5124	21.5939	-0.1915
0.5126	21.5946	-0.2254
0.5127	21.5950	-0.1884
0.5127	21.5937	-0.2069
0.5127	21.5955	-0.2316
0.5129	21.5935	-0.1699
0.5130	21.5942	-0.2131
0.5130	21.5936	-0.2377
0.5131	21.5903	-0.1821
0.5132	21.5919	-0.2007
0.5132	21.5939	-0.2193
0.5133	21.5942	-0.1760
0.5134	21.5916	-0.1945
0.5134	21.5965	-0.1637
0.5141	21.5901	-0.1667
0.5142	21.5881	-0.2099
0.5144	21.5845	-0.2284
0.5145	21.5880	-0.1729
0.5145	21.5887	-0.1852
0.5146	21.5897	-0.2408
0.5147	21.5875	-0.2222
0.5148	21.5859	-0.2037
0.5148	21.5896	-0.1914
0.5150	21.5876	-0.2346
0.5150	21.5869	-0.1975
0.5150	21.5873	-0.1790
0.5151	21.5870	-0.2469
0.5151	21.5872	-0.2161
0.5152	21.5856	-0.1821
0.5155	21.5847	-0.2438
0.5156	21.5843	-0.2192
0.5156	21.5873	-0.2377
0.5156	21.5850	-0.1944
0.5157	21.5868	-0.2007
0.5158	21.5872	-0.2068
0.5159	21.5840	-0.2253
0.5159	21.5851	-0.1698
0.5159	21.5872	-0.1637
0.5160	21.5851	-0.2315
0.5161	21.5841	-0.1883
0.5162	21.5846	-0.2130
0.5162	21.5850	-0.1760
0.5170	21.5758	-0.1913
0.5171	21.5815	-0.2407
0.5171	21.5800	-0.2469
0.5171	21.5816	-0.1975
0.5172	21.5809	-0.2222
0.5173	21.5785	-0.1790
0.5173	21.5789	-0.1820
0.5173	21.5818	-0.1667
0.5174	21.5797	-0.1852
0.5175	21.5794	-0.2160
0.5175	21.5799	-0.2283
0.5176	21.5809	-0.2345
0.5176	21.5796	-0.2037
0.5177	21.5775	-0.2098
0.5177	21.5803	-0.1728
0.5181	21.5776	-0.2129
0.5184	21.5781	-0.2376
0.5184	21.5783	-0.2006
0.5185	21.5762	-0.1697
0.5185	21.5767	-0.1759
0.5186	21.5767	-0.1944
0.5186	21.5769	-0.1636
0.5186	21.5772	-0.2067
0.5189	21.5757	-0.2191
0.5189	21.5761	-0.2252
0.5190	21.5769	-0.2437
0.5191	21.5747	-0.2314
0.5191	21.5761	-0.1882
0.5197	21.5743	-0.2160
0.5200	21.5725	-0.2344
0.5200	21.5729	-0.1974
0.5201	21.5708	-0.2098
0.5201	21.5729	-0.2036
0.5202	21.5715	-0.1851
0.5203	21.5717	-0.2468
0.5203	21.5717	-0.1789
0.5203	21.5702	-0.2221
0.5205	21.5700	-0.1728
0.5206	21.5703	-0.2282
0.5208	21.5679	-0.1820
0.5208	21.5713	-0.1913
0.5208	21.5685	-0.2128
0.5208	21.5715	-0.1666
0.5208	21.5711	-0.2066
0.5209	21.5721	-0.2406
0.5209	21.5647	-0.1635
0.5211	21.5675	-0.2313
0.5212	21.5687	-0.2436
0.5213	21.5676	-0.1881
0.5214	21.5691	-0.1697
0.5216	21.5682	-0.1758
0.5217	21.5667	-0.1943
0.5217	21.5667	-0.2375
0.5217	21.5658	-0.2190
0.5218	21.5660	-0.2251
0.5222	21.5671	-0.2004
0.5227	21.5642	-0.2282
0.5229	21.5644	-0.2097
0.5230	21.5695	-0.1666
0.5230	21.5584	-0.1727
0.5231	21.5648	-0.2344
0.5232	21.5649	-0.1912
0.5234	21.5593	-0.1850
0.5234	21.5635	-0.2159
0.5234	21.5610	-0.1973
0.5234	21.5623	-0.2035
0.5235	21.5597	-0.2466
0.5235	21.5605	-0.2220
0.5236	21.5630	-0.2405
0.5238	21.5604	-0.1788
0.5238	21.5607	-0.2436
0.5238	21.5621	-0.2189
0.5238	21.5621	-0.2250
0.5240	21.5600	-0.2065
0.5240	21.5600	-0.2312
0.5241	21.5583	-0.1634
0.5241	21.5599	-0.1696
0.5241	21.5571	-0.1819
0.5242	21.5584	-0.1942
0.5243	21.5524	-0.2003
0.5244	21.5593	-0.1880
0.5245	21.5599	-0.2127
0.5246	21.5591	-0.2374
0.5247	21.5576	-0.1757
0.5255	21.5552	-0.1973
0.5257	21.5555	-0.1911
0.5257	21.5541	-0.1788
0.5257	21.5513	-0.1664
0.5257	21.5543	-0.2219
0.5259	21.5549	-0.2281
0.5260	21.5533	-0.1849
0.5260	21.5564	-0.2035
0.5261	21.5540	-0.2158
0.5261	21.5543	-0.1726
0.5261	21.5548	-0.2342
0.5262	21.5534	-0.2466
0.5262	21.5545	-0.2404
0.5263	21.5553	-0.2096
0.5265	21.5526	-0.1942
0.5266	21.5534	-0.2435
0.5268	21.5525	-0.1695
0.5269	21.5507	-0.2372
0.5270	21.5462	-0.1634
0.5270	21.5518	-0.1757
0.5271	21.5522	-0.2249
0.5271	21.5522	-0.2127
0.5271	21.5491	-0.1818
0.5271	21.5528	-0.2188
0.5272	21.5517	-0.2003
0.5272	21.5524	-0.2065
0.5273	21.5503	-0.1880
0.5273	21.5503	-0.2311
0.5282	21.5461	-0.2218
0.5284	21.5495	-0.2403
0.5285	21.5479	-0.2034
0.5285	21.5484	-0.1972
0.5285	21.5489	-0.2096
0.5285	21.5498	-0.2157
0.5286	21.5460	-0.1849
0.5288	21.5459	-0.1787
0.5289	21.5464	-0.2280
0.5289	21.5461	-0.1726
0.5290	21.5442	-0.1664
0.5290	21.5448	-0.2341
0.5290	21.5438	-0.2464
0.5294	21.5430	-0.2371
0.5296	21.5455	-0.1910
0.5297	21.5414	-0.1633
0.5297	21.5441	-0.1818
0.5298	21.5407	-0.1879
0.5298	21.5439	-0.2126
0.5299	21.5398	-0.2310
0.5300	21.5451	-0.1695
0.5301	21.5433	-0.2248
0.5301	21.5436	-0.2003
0.5303	21.5439	-0.1941
0.5303	21.5413	-0.1756
0.5304	21.5413	-0.2433
0.5304	21.5432	-0.2064
0.5305	21.5426	-0.2187
0.5312	21.5380	-0.2464
0.5313	21.5389	-0.2341
0.5315	21.5387	-0.2279
0.5315	21.5389	-0.2095
0.5316	21.5382	-0.1663
0.5316	21.5374	-0.1725
0.5317	21.5383	-0.2156
0.5317	21.5375	-0.2033
0.5318	21.5385	-0.1910
0.5318	21.5367	-0.1848
0.5319	21.5383	-0.2402
0.5321	21.5354	-0.1786
0.5321	21.5344	-0.2217
0.5322	21.5361	-0.1971
0.5323	21.5293	-0.1632
0.5325	21.5343	-0.2310
0.5326	21.5342	-0.2370
0.5326	21.5347	-0.1817
0.5326	21.5353	-0.2063
0.5328	21.5334	-0.2186
0.5328	21.5336	-0.2248
0.5329	21.5345	-0.1694
0.5329	21.5336	-0.2125
0.5329	21.5317	-0.1878
0.5329	21.5337	-0.1755
0.5330	21.5350	-0.2002
0.5331	21.5327	-0.1940
0.5332	21.5324	-0.2432
0.5339	21.5308	-0.1909
0.5342	21.5306	-0.1724
0.5343	21.5295	-0.1970
0.5344	21.5305	-0.2032
0.5344	21.5265	-0.1847
0.5344	21.5293	-0.1786
0.5344	21.5283	-0.1663
0.5344	21.5274	-0.2216
0.5345	21.5254	-0.2462
0.5345	21.5283	-0.2155
0.5345	21.5262	-0.2278
0.5346	21.5246	-0.2339
0.5347	21.5249	-0.2093
0.5348	21.5256	-0.1816
0.5350	21.5255	-0.2401
0.5352	21.5247	-0.2432
0.5352	21.5262	-0.1755
0.5353	21.5252	-0.2001
0.5353	21.5262	-0.1693
0.5354	21.5244	-0.2186
0.5354	21.5246	-0.2247
0.5355	21.5240	-0.2309
0.5356	21.5231	-0.2124
0.5356	21.5246	-0.1939
0.5356	21.5263	-0.1632
0.5356	21.5240	-0.1877
0.5358	21.5243	-0.2062
0.5359	21.5248	-0.2369
0.5369	21.5175	-0.2031
0.5370	21.5179	-0.2154
0.5371	21.5186	-0.1847
0.5371	21.5212	-0.1724
0.5372	21.5194	-0.1785
0.5376	21.5182	-0.2400
0.5376	21.5217	-0.1662
0.5378	21.5177	-0.1877
0.5386	21.5224	-0.1693
0.5401	21.5190	-0.2277
0.5408	21.5198	-0.1969
