Положение X	Положение Y	Положение Z
0.4462	21.6572	-0.2150
0.4465	21.6575	-0.1789
0.4467	21.6562	-0.2186
0.4467	21.6545	-0.1897
0.4467	21.6501	-0.2041
0.4467	21.6566	-0.1825
0.4467	21.6566	-0.1969
0.4468	21.6572	-0.2114
0.4471	21.6549	-0.1753
0.4472	21.6573	-0.2258
0.4481	21.6560	-0.1681
0.4489	21.6537	-0.2294
0.4490	21.6563	-0.2150
0.4491	21.6550	-0.1789
0.4495	21.6553	-0.2222
0.4497	21.6549	-0.1860
0.4498	21.6565	-0.2078
0.4499	21.6529	-0.1933
0.4501	21.6557	-0.1717
0.4502	21.6556	-0.2005
0.4502	21.6543	-0.2258
0.4502	21.6544	-0.2186
0.4503	21.6532	-0.2330
0.4506	21.6533	-0.1897
0.4506	21.6545	-0.1681
0.4508	21.6531	-0.1753
0.4508	21.6525	-0.2114
0.4510	21.6533	-0.1825
0.4512	21.6530	-0.1969
0.4512	21.6521	-0.2041
0.4527	21.6520	-0.1860
0.4527	21.6537	-0.2222
0.4528	21.6513	-0.1788
0.4530	21.6523	-0.2077
0.4531	21.6516	-0.1717
0.4533	21.6513	-0.1680
0.4535	21.6512	-0.1933
0.4535	21.6525	-0.2005
0.4535	21.6498	-0.2330
0.4537	21.6524	-0.2294
0.4539	21.6513	-0.1753
0.4542	21.6492	-0.1896
0.4543	21.6520	-0.2150
0.4545	21.6515	-0.2114
0.4546	21.6496	-0.1825
0.4548	21.6506	-0.2041
0.4549	21.6507	-0.2185
0.4551	21.6507	-0.1969
0.4554	21.6496	-0.2258
0.4560	21.6503	-0.1716
0.4561	21.6488	-0.2004
0.4564	21.6493	-0.2294
0.4566	21.6488	-0.2077
0.4567	21.6496	-0.2149
0.4568	21.6480	-0.1860
0.4568	21.6480	-0.1933
0.4570	21.6499	-0.2221
0.4571	21.6477	-0.1788
0.4571	21.6466	-0.1896
0.4573	21.6479	-0.2257
0.4574	21.6472	-0.1824
0.4574	21.6479	-0.1969
0.4575	21.6481	-0.2113
0.4576	21.6477	-0.2041
0.4578	21.6473	-0.2185
0.4583	21.6466	-0.1752
0.4587	21.6461	-0.1680
0.4587	21.6480	-0.2330
0.4592	21.6456	-0.2149
0.4599	21.6450	-0.2293
0.4601	21.6449	-0.1788
0.4601	21.6452	-0.1932
0.4603	21.6464	-0.2077
0.4606	21.6436	-0.2221
0.4606	21.6447	-0.2004
0.4608	21.6454	-0.1716
0.4608	21.6441	-0.1860
0.4609	21.6462	-0.2257
0.4612	21.6436	-0.2329
0.4613	21.6438	-0.1680
0.4613	21.6446	-0.2185
0.4617	21.6436	-0.1968
0.4617	21.6457	-0.2113
0.4617	21.6444	-0.1752
0.4618	21.6431	-0.1896
0.4620	21.6446	-0.1824
0.4623	21.6444	-0.2041
0.4633	21.6415	-0.1788
0.4633	21.6407	-0.1859
0.4634	21.6447	-0.2221
0.4635	21.6423	-0.1932
0.4638	21.6429	-0.2076
0.4639	21.6406	-0.2004
0.4640	21.6432	-0.1716
0.4642	21.6424	-0.2293
0.4643	21.6422	-0.1680
0.4646	21.6420	-0.2149
0.4646	21.6408	-0.2329
0.4647	21.6415	-0.1751
0.4649	21.6411	-0.2184
0.4649	21.6415	-0.1896
0.4651	21.6427	-0.1968
0.4651	21.6437	-0.1824
0.4651	21.6443	-0.2113
0.4654	21.6418	-0.2041
0.4658	21.6413	-0.2257
0.4666	21.6406	-0.2004
0.4670	21.6398	-0.1716
0.4671	21.6384	-0.1859
0.4671	21.6396	-0.2076
0.4672	21.6381	-0.2292
0.4674	21.6393	-0.1932
0.4677	21.6405	-0.2220
0.4677	21.6386	-0.2148
0.4679	21.6399	-0.1787
0.4679	21.6377	-0.1968
0.4680	21.6388	-0.1895
0.4681	21.6392	-0.2112
0.4681	21.6398	-0.1823
0.4681	21.6389	-0.2040
0.4685	21.6365	-0.2184
0.4686	21.6365	-0.2328
0.4687	21.6379	-0.2256
0.4688	21.6375	-0.1679
0.4692	21.6379	-0.1752
0.4700	21.6376	-0.2148
0.4706	21.6369	-0.2292
0.4708	21.6344	-0.1931
0.4708	21.6379	-0.2220
0.4709	21.6364	-0.2076
0.4709	21.6339	-0.1787
0.4712	21.6339	-0.2003
0.4713	21.6361	-0.1715
0.4713	21.6342	-0.1859
0.4714	21.6363	-0.2256
0.4722	21.6363	-0.2328
0.4724	21.6349	-0.1823
0.4724	21.6336	-0.1895
0.4725	21.6356	-0.1679
0.4725	21.6356	-0.2040
0.4726	21.6352	-0.2184
0.4727	21.6359	-0.2112
0.4728	21.6348	-0.1967
0.4732	21.6347	-0.1751
0.4733	21.6329	-0.2220
0.4742	21.6340	-0.1931
0.4742	21.6315	-0.1787
0.4743	21.6344	-0.1715
0.4744	21.6321	-0.1859
0.4745	21.6334	-0.2075
0.4748	21.6322	-0.2003
0.4749	21.6317	-0.2292
0.4749	21.6323	-0.2147
0.4750	21.6316	-0.2328
0.4752	21.6327	-0.2040
0.4754	21.6316	-0.1823
0.4755	21.6345	-0.2184
0.4755	21.6335	-0.1751
0.4755	21.6338	-0.1679
0.4757	21.6322	-0.1895
0.4758	21.6375	-0.2112
0.4758	21.6298	-0.1967
0.4762	21.6332	-0.2256
0.4767	21.6313	-0.2003
0.4773	21.6316	-0.1715
0.4777	21.6307	-0.2076
0.4778	21.6287	-0.1859
0.4779	21.6286	-0.1931
0.4780	21.6301	-0.2292
0.4782	21.6293	-0.2147
0.4783	21.6286	-0.1895
0.4785	21.6294	-0.1787
0.4786	21.6286	-0.1967
0.4787	21.6298	-0.1823
0.4787	21.6289	-0.2039
0.4787	21.6290	-0.2220
0.4787	21.6296	-0.2111
0.4789	21.6293	-0.1751
0.4790	21.6289	-0.1679
0.4790	21.6277	-0.2255
0.4791	21.6283	-0.2328
0.4793	21.6269	-0.2183
0.4807	21.6278	-0.1786
0.4808	21.6282	-0.2147
0.4812	21.6263	-0.2291
0.4815	21.6248	-0.1931
0.4815	21.6262	-0.2075
0.4815	21.6285	-0.2219
0.4819	21.6264	-0.2002
0.4819	21.6262	-0.1715
0.4820	21.6252	-0.2255
0.4821	21.6265	-0.1751
0.4825	21.6241	-0.2183
0.4825	21.6262	-0.1858
0.4826	21.6263	-0.1967
0.4827	21.6255	-0.1823
0.4828	21.6261	-0.2111
0.4828	21.6242	-0.1894
0.4829	21.6268	-0.1679
0.4830	21.6256	-0.2327
0.4832	21.6255	-0.2039
0.4843	21.6213	-0.1786
0.4843	21.6252	-0.2219
0.4844	21.6266	-0.1715
0.4845	21.6235	-0.1858
0.4846	21.6252	-0.1931
0.4847	21.6238	-0.2075
0.4851	21.6229	-0.2002
0.4857	21.6256	-0.2291
0.4857	21.6232	-0.2147
0.4857	21.6233	-0.2327
0.4859	21.6215	-0.2039
0.4859	21.6225	-0.2110
0.4859	21.6230	-0.1750
0.4860	21.6208	-0.2182
0.4861	21.6220	-0.1678
0.4862	21.6229	-0.1822
0.4863	21.6233	-0.1894
0.4866	21.6217	-0.2255
0.4868	21.6233	-0.1966
0.4877	21.6207	-0.2074
0.4878	21.6211	-0.2002
0.4880	21.6202	-0.1858
0.4882	21.6213	-0.1714
0.4883	21.6214	-0.2290
0.4884	21.6212	-0.2147
0.4887	21.6213	-0.1930
0.4888	21.6214	-0.2111
0.4890	21.6205	-0.1894
0.4890	21.6208	-0.2039
0.4891	21.6209	-0.1786
0.4893	21.6200	-0.2219
0.4894	21.6214	-0.1822
0.4895	21.6190	-0.2327
0.4896	21.6193	-0.1678
0.4898	21.6182	-0.1966
0.4901	21.6182	-0.2182
0.4901	21.6178	-0.1750
0.4903	21.6200	-0.2254
0.4915	21.6171	-0.2290
0.4921	21.6154	-0.1785
0.4921	21.6170	-0.2146
0.4921	21.6178	-0.2074
0.4924	21.6175	-0.1930
0.4925	21.6170	-0.2002
0.4926	21.6193	-0.2218
0.4926	21.6185	-0.1714
0.4926	21.6169	-0.2254
0.4927	21.6170	-0.1857
0.4930	21.6166	-0.1966
0.4931	21.6175	-0.2110
0.4931	21.6149	-0.1822
0.4931	21.6166	-0.1678
0.4934	21.6173	-0.2038
0.4934	21.6177	-0.2182
0.4934	21.6154	-0.1750
0.4935	21.6168	-0.1894
0.4938	21.6157	-0.2326
0.4947	21.6155	-0.2218
0.4948	21.6155	-0.1930
0.4954	21.6157	-0.1785
0.4955	21.6141	-0.1714
0.4955	21.6136	-0.1857
0.4957	21.6140	-0.2146
0.4959	21.6140	-0.2074
0.4960	21.6134	-0.2001
0.4962	21.6133	-0.2290
0.4962	21.6153	-0.1677
0.4965	21.6130	-0.2326
0.4966	21.6132	-0.2110
0.4967	21.6129	-0.2182
0.4968	21.6122	-0.1750
0.4969	21.6144	-0.1893
0.4970	21.6118	-0.1965
0.4972	21.6142	-0.1822
0.4972	21.6115	-0.2038
0.4973	21.6137	-0.2254
0.4985	21.6133	-0.1857
0.4985	21.6108	-0.1929
0.4986	21.6129	-0.2362
0.4986	21.6104	-0.2001
0.4987	21.6138	-0.1714
0.4988	21.6107	-0.2146
0.4989	21.6118	-0.2073
0.4990	21.6097	-0.2290
0.4996	21.6115	-0.2217
0.4997	21.6120	-0.1893
0.4997	21.6107	-0.1965
0.4998	21.6080	-0.1785
0.5000	21.6096	-0.2110
0.5001	21.6092	-0.2326
0.5002	21.6095	-0.1749
0.5003	21.6102	-0.2254
0.5004	21.6129	-0.2038
0.5004	21.6103	-0.1821
0.5004	21.6097	-0.2181
0.5006	21.6091	-0.1677
0.5020	21.6068	-0.1785
0.5022	21.6102	-0.2289
0.5025	21.6088	-0.2073
0.5027	21.6074	-0.2145
0.5030	21.6083	-0.2253
0.5030	21.6073	-0.2217
0.5030	21.6072	-0.2001
0.5032	21.6080	-0.1856
0.5033	21.6099	-0.1929
0.5034	21.6085	-0.1713
0.5034	21.6066	-0.1749
0.5035	21.6091	-0.2362
0.5036	21.6070	-0.1821
0.5037	21.6065	-0.2037
0.5039	21.6071	-0.2181
0.5040	21.6088	-0.1677
0.5041	21.6069	-0.1893
0.5042	21.6065	-0.1965
0.5042	21.6057	-0.2325
0.5045	21.6070	-0.2109
0.5053	21.6041	-0.2217
0.5055	21.6058	-0.1785
0.5058	21.6064	-0.1929
0.5059	21.6074	-0.2361
0.5060	21.6060	-0.1713
0.5061	21.6053	-0.2145
0.5062	21.6055	-0.1856
0.5063	21.6044	-0.2000
0.5067	21.6052	-0.2289
0.5068	21.6043	-0.1893
0.5069	21.6050	-0.2073
0.5069	21.6030	-0.1749
0.5070	21.6040	-0.2325
0.5071	21.6019	-0.2180
0.5078	21.6055	-0.2037
0.5078	21.6030	-0.1965
0.5081	21.6038	-0.2253
0.5081	21.6044	-0.1677
0.5083	21.6053	-0.2109
0.5083	21.6042	-0.1821
0.5087	21.6080	-0.1856
0.5091	21.6024	-0.2360
0.5092	21.6015	-0.2288
0.5092	21.6045	-0.1929
0.5094	21.6021	-0.2000
0.5095	21.6031	-0.2145
0.5095	21.6035	-0.1712
0.5096	21.6024	-0.2073
0.5097	21.6027	-0.2109
0.5102	21.6024	-0.2217
0.5103	21.6021	-0.1784
0.5104	21.6035	-0.1892
0.5106	21.6035	-0.1821
0.5107	21.6008	-0.1965
0.5107	21.6016	-0.2325
0.5108	21.6023	-0.1677
0.5110	21.6010	-0.2253
0.5110	21.6020	-0.2037
0.5112	21.6008	-0.2180
0.5115	21.5996	-0.1749
0.5129	21.6001	-0.2072
0.5130	21.6027	-0.2289
0.5131	21.5995	-0.2145
0.5132	21.5978	-0.1784
0.5134	21.5990	-0.1712
0.5137	21.5997	-0.2000
0.5138	21.5978	-0.1856
0.5138	21.5981	-0.1928
0.5138	21.5996	-0.2216
0.5139	21.5983	-0.1748
0.5140	21.5979	-0.2252
0.5141	21.6002	-0.2361
0.5143	21.5980	-0.2037
0.5144	21.5968	-0.1676
0.5146	21.5989	-0.2180
0.5146	21.5928	-0.2108
0.5147	21.5977	-0.2324
0.5148	21.5975	-0.1892
0.5149	21.5934	-0.1820
0.5150	21.5979	-0.1964
0.5159	21.5975	-0.2216
0.5165	21.5958	-0.2360
0.5166	21.5948	-0.1784
0.5166	21.5965	-0.1712
0.5168	21.5941	-0.1928
0.5171	21.5950	-0.2000
0.5171	21.5942	-0.1855
0.5174	21.5952	-0.2072
0.5174	21.5972	-0.2288
0.5174	21.5963	-0.1964
0.5175	21.5958	-0.2324
0.5175	21.5957	-0.2144
0.5175	21.5901	-0.1748
0.5177	21.5971	-0.1892
0.5178	21.5952	-0.1676
0.5178	21.5963	-0.2180
0.5181	21.5956	-0.2036
0.5182	21.5962	-0.2252
0.5183	21.5963	-0.1820
0.5187	21.5940	-0.2108
0.5196	21.5935	-0.1999
0.5197	21.5916	-0.1711
0.5199	21.5933	-0.1928
0.5200	21.5940	-0.2360
0.5201	21.5923	-0.2072
0.5203	21.5924	-0.1856
0.5206	21.5940	-0.2288
0.5207	21.5936	-0.2144
0.5208	21.5934	-0.2216
0.5209	21.5914	-0.1891
0.5210	21.5926	-0.1820
0.5210	21.5918	-0.1784
0.5211	21.5908	-0.1964
0.5213	21.5915	-0.2324
0.5213	21.5910	-0.2179
0.5214	21.5921	-0.1676
0.5214	21.5927	-0.2108
0.5214	21.5917	-0.2252
0.5214	21.5930	-0.2036
0.5219	21.5908	-0.1748
0.5232	21.5908	-0.2144
0.5233	21.5904	-0.2072
0.5235	21.5906	-0.1783
0.5237	21.5905	-0.2216
0.5238	21.5887	-0.1855
0.5239	21.5908	-0.2287
0.5240	21.5895	-0.1999
0.5241	21.5888	-0.2251
0.5244	21.5888	-0.1712
0.5245	21.5890	-0.2359
0.5246	21.5888	-0.1927
0.5247	21.5895	-0.2179
0.5248	21.5907	-0.2108
0.5248	21.5907	-0.2036
0.5249	21.5890	-0.1748
0.5251	21.5856	-0.1963
0.5252	21.5913	-0.1676
0.5255	21.5857	-0.2323
0.5256	21.5891	-0.1820
0.5256	21.5893	-0.1891
0.5266	21.5864	-0.2215
0.5270	21.5862	-0.1783
0.5270	21.5869	-0.2359
0.5271	21.5857	-0.1927
0.5273	21.5877	-0.1855
0.5274	21.5857	-0.1999
0.5275	21.5858	-0.2287
0.5276	21.5864	-0.1712
0.5280	21.5839	-0.2323
0.5281	21.5847	-0.2071
0.5281	21.5860	-0.2143
0.5282	21.5864	-0.1891
0.5284	21.5860	-0.1747
0.5284	21.5864	-0.1963
0.5285	21.5839	-0.2035
0.5285	21.5856	-0.1819
0.5286	21.5844	-0.2251
0.5287	21.5882	-0.1676
0.5293	21.5858	-0.2179
0.5295	21.5858	-0.2107
0.5300	21.5835	-0.2287
0.5302	21.5840	-0.2359
0.5303	21.5846	-0.1855
0.5304	21.5821	-0.1998
0.5304	21.5843	-0.1927
0.5307	21.5837	-0.1711
0.5307	21.5838	-0.2071
0.5311	21.5826	-0.1783
0.5311	21.5843	-0.2143
0.5314	21.5833	-0.2215
0.5315	21.5847	-0.1891
0.5316	21.5819	-0.1963
0.5318	21.5830	-0.1819
0.5319	21.5832	-0.1675
0.5319	21.5835	-0.2035
0.5321	21.5818	-0.2107
0.5323	21.5837	-0.2179
0.5324	21.5814	-0.2251
0.5324	21.5817	-0.2323
0.5326	21.5823	-0.1747
0.5340	21.5788	-0.1782
0.5340	21.5819	-0.2286
0.5340	21.5810	-0.2071
0.5344	21.5792	-0.2143
0.5344	21.5806	-0.1998
0.5347	21.5800	-0.1927
0.5348	21.5789	-0.2214
0.5350	21.5795	-0.1711
0.5350	21.5806	-0.2358
0.5351	21.5797	-0.1747
0.5353	21.5797	-0.2250
0.5353	21.5786	-0.1855
0.5354	21.5802	-0.2107
0.5355	21.5810	-0.2035
0.5355	21.5771	-0.2322
0.5356	21.5802	-0.1675
0.5357	21.5804	-0.1819
0.5358	21.5801	-0.1890
0.5360	21.5786	-0.1963
0.5360	21.5780	-0.2178
0.5372	21.5770	-0.1711
0.5372	21.5788	-0.2214
0.5378	21.5772	-0.1854
0.5378	21.5780	-0.2358
0.5379	21.5787	-0.1926
0.5379	21.5768	-0.2142
0.5380	21.5774	-0.1782
0.5381	21.5757	-0.1998
0.5385	21.5753	-0.1962
0.5387	21.5769	-0.2322
0.5387	21.5755	-0.1890
0.5387	21.5775	-0.2070
0.5388	21.5758	-0.2035
0.5388	21.5763	-0.1747
0.5388	21.5773	-0.2286
0.5389	21.5762	-0.1675
0.5389	21.5765	-0.2250
0.5390	21.5769	-0.1819
0.5391	21.5770	-0.2106
0.5405	21.5745	-0.1998
0.5405	21.5743	-0.1711
0.5406	21.5762	-0.1926
0.5407	21.5755	-0.1854
0.5410	21.5750	-0.2070
0.5410	21.5751	-0.2286
0.5412	21.5756	-0.2142
0.5415	21.5746	-0.2178
0.5415	21.5750	-0.2358
0.5416	21.5755	-0.2106
0.5416	21.5736	-0.1890
0.5416	21.5742	-0.1782
0.5418	21.5747	-0.2394
0.5418	21.5754	-0.2034
0.5420	21.5748	-0.2214
0.5421	21.5740	-0.1962
0.5424	21.5720	-0.1674
0.5427	21.5766	-0.2250
0.5430	21.5744	-0.2322
0.5431	21.5727	-0.1746
0.5433	21.5719	-0.1818
0.5436	21.5725	-0.2178
0.5440	21.5708	-0.1782
0.5444	21.5772	-0.1998
0.5446	21.5720	-0.2070
0.5449	21.5706	-0.2141
0.5450	21.5696	-0.2357
0.5451	21.5721	-0.2286
0.5452	21.5696	-0.2213
0.5452	21.5701	-0.1853
0.5453	21.5710	-0.1926
0.5456	21.5722	-0.1710
0.5458	21.5698	-0.2250
0.5459	21.5698	-0.2177
0.5461	21.5692	-0.2321
0.5462	21.5641	-0.1961
0.5462	21.5679	-0.1674
0.5464	21.5684	-0.2393
0.5465	21.5714	-0.1746
0.5465	21.5689	-0.1889
0.5467	21.5693	-0.2106
0.5467	21.5697	-0.2034
0.5472	21.5693	-0.1818
0.5475	21.5695	-0.2357
0.5485	21.5680	-0.1925
0.5485	21.5685	-0.2141
0.5485	21.5685	-0.1782
0.5485	21.5687	-0.2213
0.5486	21.5660	-0.1710
0.5487	21.5673	-0.1853
0.5488	21.5686	-0.1997
0.5489	21.5667	-0.1889
0.5489	21.5667	-0.2285
0.5490	21.5667	-0.2034
0.5490	21.5693	-0.2106
0.5492	21.5666	-0.2321
0.5493	21.5675	-0.2070
0.5493	21.5665	-0.1961
0.5493	21.5676	-0.1674
0.5493	21.5701	-0.2177
0.5497	21.5650	-0.2249
0.5497	21.5672	-0.1818
0.5497	21.5661	-0.2393
0.5497	21.5678	-0.1746
0.5510	21.5634	-0.1710
0.5513	21.5650	-0.1853
0.5514	21.5671	-0.2141
0.5515	21.5670	-0.2357
0.5516	21.5657	-0.2285
0.5518	21.5676	-0.1926
0.5519	21.5667	-0.2213
0.5520	21.5641	-0.2069
0.5521	21.5600	-0.1996
0.5521	21.5641	-0.2105
0.5522	21.5651	-0.1781
0.5524	21.5651	-0.2034
0.5525	21.5644	-0.2393
0.5527	21.5660	-0.1889
0.5528	21.5621	-0.1961
0.5529	21.5649	-0.1745
0.5530	21.5637	-0.1674
0.5532	21.5643	-0.1818
0.5533	21.5658	-0.2321
0.5534	21.5637	-0.2249
0.5545	21.5644	-0.2177
0.5547	21.5633	-0.1781
0.5552	21.5615	-0.1997
0.5554	21.5628	-0.2141
0.5555	21.5629	-0.2213
0.5555	21.5634	-0.2069
0.5556	21.5617	-0.2284
0.5560	21.5616	-0.2356
0.5561	21.5616	-0.1925
0.5562	21.5610	-0.1710
0.5564	21.5605	-0.1817
0.5564	21.5614	-0.1853
0.5564	21.5620	-0.1674
0.5565	21.5607	-0.2249
0.5566	21.5629	-0.2177
0.5567	21.5595	-0.2320
0.5567	21.5607	-0.1745
0.5568	21.5613	-0.2393
0.5568	21.5602	-0.1889
0.5573	21.5599	-0.2033
0.5573	21.5614	-0.2105
0.5574	21.5587	-0.1961
0.5585	21.5607	-0.2212
0.5587	21.5600	-0.1925
0.5587	21.5577	-0.1709
0.5591	21.5599	-0.1781
0.5592	21.5596	-0.2284
0.5592	21.5584	-0.1852
0.5592	21.5587	-0.2356
0.5593	21.5594	-0.1996
0.5595	21.5583	-0.1673
0.5595	21.5584	-0.1817
0.5597	21.5592	-0.2069
0.5598	21.5588	-0.2320
0.5598	21.5564	-0.2392
0.5598	21.5593	-0.2176
0.5600	21.5574	-0.2248
0.5600	21.5583	-0.1889
0.5601	21.5588	-0.2033
0.5601	21.5593	-0.2105
0.5602	21.5588	-0.2141
0.5602	21.5565	-0.1961
0.5608	21.5566	-0.1745
0.5618	21.5562	-0.1709
0.5620	21.5576	-0.1852
0.5622	21.5566	-0.2140
0.5623	21.5542	-0.2284
0.5624	21.5556	-0.1925
0.5625	21.5547	-0.1996
0.5626	21.5563	-0.2069
0.5626	21.5553	-0.2356
0.5627	21.5554	-0.2104
0.5629	21.5558	-0.1781
0.5629	21.5552	-0.2033
0.5632	21.5556	-0.1888
0.5632	21.5565	-0.2212
0.5633	21.5547	-0.1960
0.5634	21.5552	-0.2392
0.5634	21.5548	-0.1745
0.5637	21.5554	-0.2176
0.5638	21.5553	-0.2320
0.5640	21.5551	-0.2248
0.5640	21.5542	-0.1817
0.5641	21.5540	-0.1673
0.5650	21.5524	-0.1780
0.5652	21.5541	-0.2284
0.5653	21.5517	-0.2140
0.5658	21.5526	-0.2068
0.5659	21.5533	-0.2356
0.5662	21.5512	-0.1996
0.5663	21.5534	-0.2212
0.5663	21.5514	-0.1852
0.5664	21.5530	-0.1708
0.5664	21.5522	-0.2248
0.5664	21.5540	-0.1924
0.5670	21.5525	-0.2176
0.5673	21.5523	-0.1817
0.5673	21.5529	-0.2320
0.5673	21.5520	-0.1673
0.5673	21.5511	-0.1960
0.5677	21.5530	-0.1745
0.5677	21.5514	-0.2392
0.5677	21.5520	-0.2104
0.5678	21.5526	-0.1888
0.5680	21.5511	-0.2032
0.5689	21.5510	-0.2355
0.5690	21.5498	-0.2211
0.5696	21.5502	-0.1780
0.5696	21.5492	-0.1924
0.5697	21.5501	-0.1996
0.5698	21.5490	-0.1709
0.5699	21.5486	-0.1852
0.5701	21.5487	-0.2068
0.5701	21.5475	-0.1960
0.5702	21.5496	-0.2139
0.5702	21.5500	-0.1816
0.5703	21.5500	-0.2283
0.5703	21.5482	-0.2391
0.5704	21.5489	-0.2319
0.5704	21.5493	-0.1673
0.5704	21.5509	-0.1888
0.5704	21.5510	-0.2032
0.5705	21.5512	-0.2176
0.5709	21.5493	-0.2104
0.5710	21.5474	-0.1744
0.5713	21.5465	-0.2247
0.5719	21.5461	-0.1851
0.5724	21.5473	-0.2355
0.5726	21.5475	-0.1995
0.5727	21.5463	-0.1780
0.5727	21.5453	-0.1924
0.5729	21.5469	-0.2067
0.5729	21.5476	-0.2139
0.5731	21.5459	-0.1708
0.5733	21.5465	-0.2283
0.5736	21.5465	-0.2032
0.5736	21.5474	-0.1744
0.5736	21.5463	-0.2211
0.5737	21.5474	-0.1888
0.5739	21.5478	-0.2104
0.5740	21.5465	-0.2391
0.5740	21.5455	-0.1960
0.5740	21.5454	-0.1672
0.5744	21.5455	-0.1816
0.5746	21.5454	-0.2319
0.5746	21.5466	-0.2175
0.5750	21.5460	-0.2247
0.5758	21.5442	-0.2282
0.5758	21.5438	-0.1995
0.5760	21.5430	-0.2211
0.5760	21.5451	-0.2139
0.5761	21.5443	-0.2068
0.5761	21.5448	-0.1780
0.5762	21.5435	-0.1708
0.5768	21.5432	-0.2247
0.5772	21.5446	-0.2354
0.5776	21.5440	-0.2103
0.5782	21.5447	-0.1887
0.5802	21.5473	-0.1709
